  format  1  0
dim
 	       2
crystal_system
 	       'hexagonal' 
N_cell_param
 	       1 
cell_param
 	       2.0000 
group_name
 	       'P 6 m m' 
N_monomer
 	       3 
ngrid
 	       48 		 48 
(3.5000E-01,0.0000E+00)  (3.5000E-01,0.0000E+00)  (3.0000E-01,0.0000E+00)
(-6.8821E-02,0.0000E+00)  (-6.8821E-02,0.0000E+00)  (1.3764E-01,0.0000E+00)
(4.6300E-03,0.0000E+00)  (4.6300E-03,0.0000E+00)  (-9.2600E-03,0.0000E+00)
(2.1842E-03,0.0000E+00)  (2.1842E-03,0.0000E+00)  (-4.3684E-03,0.0000E+00)
(-5.9493E-04,0.0000E+00)  (-5.9493E-04,0.0000E+00)  (1.1899E-03,0.0000E+00)
(2.3334E-05,0.0000E+00)  (2.3334E-05,0.0000E+00)  (-4.6669E-05,0.0000E+00)
(7.3799E-06,0.0000E+00)  (7.3799E-06,0.0000E+00)  (-1.4760E-05,0.0000E+00)
(-8.0994E-07,0.0000E+00)  (-8.0994E-07,0.0000E+00)  (1.6199E-06,0.0000E+00)
(1.1104E-08,0.0000E+00)  (1.1104E-08,0.0000E+00)  (-2.2208E-08,0.0000E+00)
(1.6383E-09,0.0000E+00)  (1.6383E-09,0.0000E+00)  (-3.2765E-09,0.0000E+00)
(-6.5290E-11,0.0000E+00)  (-6.5290E-11,0.0000E+00)  (1.3058E-10,0.0000E+00)
(2.9154E-13,0.0000E+00)  (2.9154E-13,0.0000E+00)  (-5.8308E-13,0.0000E+00)
(1.8781E-14,0.0000E+00)  (1.8781E-14,0.0000E+00)  (-3.7563E-14,0.0000E+00)
(-2.6406E-16,0.0000E+00)  (-2.6406E-16,0.0000E+00)  (5.2811E-16,0.0000E+00)
(3.7069E-19,0.0000E+00)  (3.7069E-19,0.0000E+00)  (-7.4138E-19,0.0000E+00)
(1.0296E-20,0.0000E+00)  (1.0296E-20,0.0000E+00)  (-2.0591E-20,0.0000E+00)
(-5.0458E-23,0.0000E+00)  (-5.0458E-23,0.0000E+00)  (1.0092E-22,0.0000E+00)
(2.1582E-26,0.0000E+00)  (2.1582E-26,0.0000E+00)  (-4.3163E-26,0.0000E+00)
(2.6072E-28,0.0000E+00)  (2.6072E-28,0.0000E+00)  (-5.2143E-28,0.0000E+00)
(-4.4269E-31,0.0000E+00)  (-4.4269E-31,0.0000E+00)  (8.8538E-31,0.0000E+00)
(5.5573E-35,0.0000E+00)  (5.5573E-35,0.0000E+00)  (-1.1115E-34,0.0000E+00)
(2.9938E-37,0.0000E+00)  (2.9938E-37,0.0000E+00)  (-5.9875E-37,0.0000E+00)
(-1.7551E-40,0.0000E+00)  (-1.7551E-40,0.0000E+00)  (3.5102E-40,0.0000E+00)
(6.1340E-45,0.0000E+00)  (6.1340E-45,0.0000E+00)  (-1.2268E-44,0.0000E+00)
(1.5416E-47,0.0000E+00)  (1.5416E-47,0.0000E+00)  (-3.0833E-47,0.0000E+00)
(6.1340E-45,0.0000E+00)  (6.1340E-45,0.0000E+00)  (-1.2268E-44,0.0000E+00)
(-1.7551E-40,0.0000E+00)  (-1.7551E-40,0.0000E+00)  (3.5102E-40,0.0000E+00)
(2.9938E-37,0.0000E+00)  (2.9938E-37,0.0000E+00)  (-5.9875E-37,0.0000E+00)
(5.5573E-35,0.0000E+00)  (5.5573E-35,0.0000E+00)  (-1.1115E-34,0.0000E+00)
(-4.4269E-31,0.0000E+00)  (-4.4269E-31,0.0000E+00)  (8.8538E-31,0.0000E+00)
(2.6072E-28,0.0000E+00)  (2.6072E-28,0.0000E+00)  (-5.2143E-28,0.0000E+00)
(2.1582E-26,0.0000E+00)  (2.1582E-26,0.0000E+00)  (-4.3163E-26,0.0000E+00)
(-5.0458E-23,0.0000E+00)  (-5.0458E-23,0.0000E+00)  (1.0092E-22,0.0000E+00)
(1.0296E-20,0.0000E+00)  (1.0296E-20,0.0000E+00)  (-2.0591E-20,0.0000E+00)
(3.7069E-19,0.0000E+00)  (3.7069E-19,0.0000E+00)  (-7.4138E-19,0.0000E+00)
(-2.6406E-16,0.0000E+00)  (-2.6406E-16,0.0000E+00)  (5.2811E-16,0.0000E+00)
(1.8781E-14,0.0000E+00)  (1.8781E-14,0.0000E+00)  (-3.7563E-14,0.0000E+00)
(2.9154E-13,0.0000E+00)  (2.9154E-13,0.0000E+00)  (-5.8308E-13,0.0000E+00)
(-6.5290E-11,0.0000E+00)  (-6.5290E-11,0.0000E+00)  (1.3058E-10,0.0000E+00)
(1.6383E-09,0.0000E+00)  (1.6383E-09,0.0000E+00)  (-3.2765E-09,0.0000E+00)
(1.1104E-08,0.0000E+00)  (1.1104E-08,0.0000E+00)  (-2.2208E-08,0.0000E+00)
(-8.0994E-07,0.0000E+00)  (-8.0994E-07,0.0000E+00)  (1.6199E-06,0.0000E+00)
(7.3799E-06,0.0000E+00)  (7.3799E-06,0.0000E+00)  (-1.4760E-05,0.0000E+00)
(2.3334E-05,0.0000E+00)  (2.3334E-05,0.0000E+00)  (-4.6669E-05,0.0000E+00)
(-5.9493E-04,0.0000E+00)  (-5.9493E-04,0.0000E+00)  (1.1899E-03,0.0000E+00)
(2.1842E-03,0.0000E+00)  (2.1842E-03,0.0000E+00)  (-4.3684E-03,0.0000E+00)
(4.6300E-03,0.0000E+00)  (4.6300E-03,0.0000E+00)  (-9.2600E-03,0.0000E+00)
(-6.8821E-02,0.0000E+00)  (-6.8821E-02,0.0000E+00)  (1.3764E-01,0.0000E+00)
(-6.8821E-02,0.0000E+00)  (-6.8821E-02,0.0000E+00)  (1.3764E-01,0.0000E+00)
(-2.5641E-02,0.0000E+00)  (-2.5641E-02,0.0000E+00)  (5.1283E-02,0.0000E+00)
(7.3130E-03,0.0000E+00)  (7.3130E-03,0.0000E+00)  (-1.4626E-02,0.0000E+00)
(1.0013E-03,0.0000E+00)  (1.0013E-03,0.0000E+00)  (-2.0026E-03,0.0000E+00)
(-4.9276E-04,0.0000E+00)  (-4.9276E-04,0.0000E+00)  (9.8552E-04,0.0000E+00)
(3.3401E-05,0.0000E+00)  (3.3401E-05,0.0000E+00)  (-6.6802E-05,0.0000E+00)
(4.9799E-06,0.0000E+00)  (4.9799E-06,0.0000E+00)  (-9.9599E-06,0.0000E+00)
(-6.9265E-07,0.0000E+00)  (-6.9265E-07,0.0000E+00)  (1.3853E-06,0.0000E+00)
(1.4469E-08,0.0000E+00)  (1.4469E-08,0.0000E+00)  (-2.8939E-08,0.0000E+00)
(1.2132E-09,0.0000E+00)  (1.2132E-09,0.0000E+00)  (-2.4264E-09,0.0000E+00)
(-5.6050E-11,0.0000E+00)  (-5.6050E-11,0.0000E+00)  (1.1210E-10,0.0000E+00)
(3.6168E-13,0.0000E+00)  (3.6168E-13,0.0000E+00)  (-7.2336E-13,0.0000E+00)
(1.4483E-14,0.0000E+00)  (1.4483E-14,0.0000E+00)  (-2.8966E-14,0.0000E+00)
(-2.2666E-16,0.0000E+00)  (-2.2666E-16,0.0000E+00)  (4.5331E-16,0.0000E+00)
(4.4972E-19,0.0000E+00)  (4.4972E-19,0.0000E+00)  (-8.9944E-19,0.0000E+00)
(8.1194E-21,0.0000E+00)  (8.1194E-21,0.0000E+00)  (-1.6239E-20,0.0000E+00)
(-4.3274E-23,0.0000E+00)  (-4.3274E-23,0.0000E+00)  (8.6548E-23,0.0000E+00)
(2.6107E-26,0.0000E+00)  (2.6107E-26,0.0000E+00)  (-5.2215E-26,0.0000E+00)
(2.0853E-28,0.0000E+00)  (2.0853E-28,0.0000E+00)  (-4.1707E-28,0.0000E+00)
(-3.7932E-31,0.0000E+00)  (-3.7932E-31,0.0000E+00)  (7.5863E-31,0.0000E+00)
(6.8296E-35,0.0000E+00)  (6.8296E-35,0.0000E+00)  (-1.3659E-34,0.0000E+00)
(2.4178E-37,0.0000E+00)  (2.4178E-37,0.0000E+00)  (-4.8356E-37,0.0000E+00)
(-1.5026E-40,0.0000E+00)  (-1.5026E-40,0.0000E+00)  (3.0052E-40,0.0000E+00)
(7.8454E-45,0.0000E+00)  (7.8454E-45,0.0000E+00)  (-1.5691E-44,0.0000E+00)
(1.2538E-47,0.0000E+00)  (1.2538E-47,0.0000E+00)  (-2.5077E-47,0.0000E+00)
(7.8454E-45,0.0000E+00)  (7.8454E-45,0.0000E+00)  (-1.5691E-44,0.0000E+00)
(-1.5026E-40,0.0000E+00)  (-1.5026E-40,0.0000E+00)  (3.0052E-40,0.0000E+00)
(2.4178E-37,0.0000E+00)  (2.4178E-37,0.0000E+00)  (-4.8356E-37,0.0000E+00)
(6.8296E-35,0.0000E+00)  (6.8296E-35,0.0000E+00)  (-1.3659E-34,0.0000E+00)
(-3.7932E-31,0.0000E+00)  (-3.7932E-31,0.0000E+00)  (7.5863E-31,0.0000E+00)
(2.0853E-28,0.0000E+00)  (2.0853E-28,0.0000E+00)  (-4.1707E-28,0.0000E+00)
(2.6107E-26,0.0000E+00)  (2.6107E-26,0.0000E+00)  (-5.2215E-26,0.0000E+00)
(-4.3274E-23,0.0000E+00)  (-4.3274E-23,0.0000E+00)  (8.6548E-23,0.0000E+00)
(8.1194E-21,0.0000E+00)  (8.1194E-21,0.0000E+00)  (-1.6239E-20,0.0000E+00)
(4.4972E-19,0.0000E+00)  (4.4972E-19,0.0000E+00)  (-8.9944E-19,0.0000E+00)
(-2.2666E-16,0.0000E+00)  (-2.2666E-16,0.0000E+00)  (4.5331E-16,0.0000E+00)
(1.4483E-14,0.0000E+00)  (1.4483E-14,0.0000E+00)  (-2.8966E-14,0.0000E+00)
(3.6168E-13,0.0000E+00)  (3.6168E-13,0.0000E+00)  (-7.2336E-13,0.0000E+00)
(-5.6050E-11,0.0000E+00)  (-5.6050E-11,0.0000E+00)  (1.1210E-10,0.0000E+00)
(1.2132E-09,0.0000E+00)  (1.2132E-09,0.0000E+00)  (-2.4264E-09,0.0000E+00)
(1.4469E-08,0.0000E+00)  (1.4469E-08,0.0000E+00)  (-2.8939E-08,0.0000E+00)
(-6.9265E-07,0.0000E+00)  (-6.9265E-07,0.0000E+00)  (1.3853E-06,0.0000E+00)
(4.9799E-06,0.0000E+00)  (4.9799E-06,0.0000E+00)  (-9.9599E-06,0.0000E+00)
(3.3401E-05,0.0000E+00)  (3.3401E-05,0.0000E+00)  (-6.6802E-05,0.0000E+00)
(-4.9276E-04,0.0000E+00)  (-4.9276E-04,0.0000E+00)  (9.8552E-04,0.0000E+00)
(1.0013E-03,0.0000E+00)  (1.0013E-03,0.0000E+00)  (-2.0026E-03,0.0000E+00)
(7.3130E-03,0.0000E+00)  (7.3130E-03,0.0000E+00)  (-1.4626E-02,0.0000E+00)
(-2.5641E-02,0.0000E+00)  (-2.5641E-02,0.0000E+00)  (5.1283E-02,0.0000E+00)
(4.6300E-03,0.0000E+00)  (4.6300E-03,0.0000E+00)  (-9.2600E-03,0.0000E+00)
(7.3130E-03,0.0000E+00)  (7.3130E-03,0.0000E+00)  (-1.4626E-02,0.0000E+00)
(3.7232E-03,0.0000E+00)  (3.7232E-03,0.0000E+00)  (-7.4464E-03,0.0000E+00)
(-5.8395E-04,0.0000E+00)  (-5.8395E-04,0.0000E+00)  (1.1679E-03,0.0000E+00)
(-1.9250E-04,0.0000E+00)  (-1.9250E-04,0.0000E+00)  (3.8499E-04,0.0000E+00)
(3.5577E-05,0.0000E+00)  (3.5577E-05,0.0000E+00)  (-7.1155E-05,0.0000E+00)
(6.0163E-07,0.0000E+00)  (6.0163E-07,0.0000E+00)  (-1.2033E-06,0.0000E+00)
(-3.8060E-07,0.0000E+00)  (-3.8060E-07,0.0000E+00)  (7.6119E-07,0.0000E+00)
(1.6191E-08,0.0000E+00)  (1.6191E-08,0.0000E+00)  (-3.2383E-08,0.0000E+00)
(3.9288E-10,0.0000E+00)  (3.9288E-10,0.0000E+00)  (-7.8576E-10,0.0000E+00)
(-3.3190E-11,0.0000E+00)  (-3.3190E-11,0.0000E+00)  (6.6380E-11,0.0000E+00)
(4.0211E-13,0.0000E+00)  (4.0211E-13,0.0000E+00)  (-8.0422E-13,0.0000E+00)
(5.9908E-15,0.0000E+00)  (5.9908E-15,0.0000E+00)  (-1.1982E-14,0.0000E+00)
(-1.3766E-16,0.0000E+00)  (-1.3766E-16,0.0000E+00)  (2.7531E-16,0.0000E+00)
(4.9742E-19,0.0000E+00)  (4.9742E-19,0.0000E+00)  (-9.9483E-19,0.0000E+00)
(3.7567E-21,0.0000E+00)  (3.7567E-21,0.0000E+00)  (-7.5133E-21,0.0000E+00)
(-2.6557E-23,0.0000E+00)  (-2.6557E-23,0.0000E+00)  (5.3113E-23,0.0000E+00)
(2.9067E-26,0.0000E+00)  (2.9067E-26,0.0000E+00)  (-5.8134E-26,0.0000E+00)
(1.0282E-28,0.0000E+00)  (1.0282E-28,0.0000E+00)  (-2.0564E-28,0.0000E+00)
(-2.3388E-31,0.0000E+00)  (-2.3388E-31,0.0000E+00)  (4.6777E-31,0.0000E+00)
(7.7777E-35,0.0000E+00)  (7.7777E-35,0.0000E+00)  (-1.5555E-34,0.0000E+00)
(1.2417E-37,0.0000E+00)  (1.2417E-37,0.0000E+00)  (-2.4833E-37,0.0000E+00)
(-9.2855E-41,0.0000E+00)  (-9.2855E-41,0.0000E+00)  (1.8571E-40,0.0000E+00)
(9.3368E-45,0.0000E+00)  (9.3368E-45,0.0000E+00)  (-1.8674E-44,0.0000E+00)
(6.6225E-48,0.0000E+00)  (6.6225E-48,0.0000E+00)  (-1.3245E-47,0.0000E+00)
(9.3368E-45,0.0000E+00)  (9.3368E-45,0.0000E+00)  (-1.8674E-44,0.0000E+00)
(-9.2855E-41,0.0000E+00)  (-9.2855E-41,0.0000E+00)  (1.8571E-40,0.0000E+00)
(1.2417E-37,0.0000E+00)  (1.2417E-37,0.0000E+00)  (-2.4833E-37,0.0000E+00)
(7.7777E-35,0.0000E+00)  (7.7777E-35,0.0000E+00)  (-1.5555E-34,0.0000E+00)
(-2.3388E-31,0.0000E+00)  (-2.3388E-31,0.0000E+00)  (4.6777E-31,0.0000E+00)
(1.0282E-28,0.0000E+00)  (1.0282E-28,0.0000E+00)  (-2.0564E-28,0.0000E+00)
(2.9067E-26,0.0000E+00)  (2.9067E-26,0.0000E+00)  (-5.8134E-26,0.0000E+00)
(-2.6557E-23,0.0000E+00)  (-2.6557E-23,0.0000E+00)  (5.3113E-23,0.0000E+00)
(3.7567E-21,0.0000E+00)  (3.7567E-21,0.0000E+00)  (-7.5133E-21,0.0000E+00)
(4.9742E-19,0.0000E+00)  (4.9742E-19,0.0000E+00)  (-9.9483E-19,0.0000E+00)
(-1.3766E-16,0.0000E+00)  (-1.3766E-16,0.0000E+00)  (2.7531E-16,0.0000E+00)
(5.9908E-15,0.0000E+00)  (5.9908E-15,0.0000E+00)  (-1.1982E-14,0.0000E+00)
(4.0211E-13,0.0000E+00)  (4.0211E-13,0.0000E+00)  (-8.0422E-13,0.0000E+00)
(-3.3190E-11,0.0000E+00)  (-3.3190E-11,0.0000E+00)  (6.6380E-11,0.0000E+00)
(3.9288E-10,0.0000E+00)  (3.9288E-10,0.0000E+00)  (-7.8576E-10,0.0000E+00)
(1.6191E-08,0.0000E+00)  (1.6191E-08,0.0000E+00)  (-3.2383E-08,0.0000E+00)
(-3.8060E-07,0.0000E+00)  (-3.8060E-07,0.0000E+00)  (7.6119E-07,0.0000E+00)
(6.0163E-07,0.0000E+00)  (6.0163E-07,0.0000E+00)  (-1.2033E-06,0.0000E+00)
(3.5577E-05,0.0000E+00)  (3.5577E-05,0.0000E+00)  (-7.1155E-05,0.0000E+00)
(-1.9250E-04,0.0000E+00)  (-1.9250E-04,0.0000E+00)  (3.8499E-04,0.0000E+00)
(-5.8395E-04,0.0000E+00)  (-5.8395E-04,0.0000E+00)  (1.1679E-03,0.0000E+00)
(3.7232E-03,0.0000E+00)  (3.7232E-03,0.0000E+00)  (-7.4464E-03,0.0000E+00)
(7.3130E-03,0.0000E+00)  (7.3130E-03,0.0000E+00)  (-1.4626E-02,0.0000E+00)
(2.1842E-03,0.0000E+00)  (2.1842E-03,0.0000E+00)  (-4.3684E-03,0.0000E+00)
(1.0013E-03,0.0000E+00)  (1.0013E-03,0.0000E+00)  (-2.0026E-03,0.0000E+00)
(-5.8395E-04,0.0000E+00)  (-5.8395E-04,0.0000E+00)  (1.1679E-03,0.0000E+00)
(-3.8380E-04,0.0000E+00)  (-3.8380E-04,0.0000E+00)  (7.6761E-04,0.0000E+00)
(2.3334E-05,0.0000E+00)  (2.3334E-05,0.0000E+00)  (-4.6669E-05,0.0000E+00)
(1.3872E-05,0.0000E+00)  (1.3872E-05,0.0000E+00)  (-2.7744E-05,0.0000E+00)
(-1.1250E-06,0.0000E+00)  (-1.1250E-06,0.0000E+00)  (2.2500E-06,0.0000E+00)
(-8.5226E-08,0.0000E+00)  (-8.5226E-08,0.0000E+00)  (1.7045E-07,0.0000E+00)
(9.3771E-09,0.0000E+00)  (9.3771E-09,0.0000E+00)  (-1.8754E-08,0.0000E+00)
(-7.5038E-11,0.0000E+00)  (-7.5038E-11,0.0000E+00)  (1.5008E-10,0.0000E+00)
(-1.1160E-11,0.0000E+00)  (-1.1160E-11,0.0000E+00)  (2.2320E-11,0.0000E+00)
(2.6089E-13,0.0000E+00)  (2.6089E-13,0.0000E+00)  (-5.2179E-13,0.0000E+00)
(4.7165E-16,0.0000E+00)  (4.7165E-16,0.0000E+00)  (-9.4330E-16,0.0000E+00)
(-5.2814E-17,0.0000E+00)  (-5.2814E-17,0.0000E+00)  (1.0563E-16,0.0000E+00)
(3.3896E-19,0.0000E+00)  (3.3896E-19,0.0000E+00)  (-6.7792E-19,0.0000E+00)
(7.2344E-22,0.0000E+00)  (7.2344E-22,0.0000E+00)  (-1.4469E-21,0.0000E+00)
(-1.0812E-23,0.0000E+00)  (-1.0812E-23,0.0000E+00)  (2.1623E-23,0.0000E+00)
(2.0423E-26,0.0000E+00)  (2.0423E-26,0.0000E+00)  (-4.0847E-26,0.0000E+00)
(2.6176E-29,0.0000E+00)  (2.6176E-29,0.0000E+00)  (-5.2352E-29,0.0000E+00)
(-9.8241E-32,0.0000E+00)  (-9.8241E-32,0.0000E+00)  (1.9648E-31,0.0000E+00)
(5.6162E-35,0.0000E+00)  (5.6162E-35,0.0000E+00)  (-1.1232E-34,0.0000E+00)
(3.6388E-38,0.0000E+00)  (3.6388E-38,0.0000E+00)  (-7.2776E-38,0.0000E+00)
(-3.9719E-41,0.0000E+00)  (-3.9719E-41,0.0000E+00)  (7.9439E-41,0.0000E+00)
(6.9542E-45,0.0000E+00)  (6.9542E-45,0.0000E+00)  (-1.3908E-44,0.0000E+00)
(2.1125E-48,0.0000E+00)  (2.1125E-48,0.0000E+00)  (-4.2251E-48,0.0000E+00)
(6.9542E-45,0.0000E+00)  (6.9542E-45,0.0000E+00)  (-1.3908E-44,0.0000E+00)
(-3.9719E-41,0.0000E+00)  (-3.9719E-41,0.0000E+00)  (7.9439E-41,0.0000E+00)
(3.6388E-38,0.0000E+00)  (3.6388E-38,0.0000E+00)  (-7.2776E-38,0.0000E+00)
(5.6162E-35,0.0000E+00)  (5.6162E-35,0.0000E+00)  (-1.1232E-34,0.0000E+00)
(-9.8241E-32,0.0000E+00)  (-9.8241E-32,0.0000E+00)  (1.9648E-31,0.0000E+00)
(2.6176E-29,0.0000E+00)  (2.6176E-29,0.0000E+00)  (-5.2352E-29,0.0000E+00)
(2.0423E-26,0.0000E+00)  (2.0423E-26,0.0000E+00)  (-4.0847E-26,0.0000E+00)
(-1.0812E-23,0.0000E+00)  (-1.0812E-23,0.0000E+00)  (2.1623E-23,0.0000E+00)
(7.2344E-22,0.0000E+00)  (7.2344E-22,0.0000E+00)  (-1.4469E-21,0.0000E+00)
(3.3896E-19,0.0000E+00)  (3.3896E-19,0.0000E+00)  (-6.7792E-19,0.0000E+00)
(-5.2814E-17,0.0000E+00)  (-5.2814E-17,0.0000E+00)  (1.0563E-16,0.0000E+00)
(4.7165E-16,0.0000E+00)  (4.7165E-16,0.0000E+00)  (-9.4330E-16,0.0000E+00)
(2.6089E-13,0.0000E+00)  (2.6089E-13,0.0000E+00)  (-5.2179E-13,0.0000E+00)
(-1.1160E-11,0.0000E+00)  (-1.1160E-11,0.0000E+00)  (2.2320E-11,0.0000E+00)
(-7.5038E-11,0.0000E+00)  (-7.5038E-11,0.0000E+00)  (1.5008E-10,0.0000E+00)
(9.3771E-09,0.0000E+00)  (9.3771E-09,0.0000E+00)  (-1.8754E-08,0.0000E+00)
(-8.5226E-08,0.0000E+00)  (-8.5226E-08,0.0000E+00)  (1.7045E-07,0.0000E+00)
(-1.1250E-06,0.0000E+00)  (-1.1250E-06,0.0000E+00)  (2.2500E-06,0.0000E+00)
(1.3872E-05,0.0000E+00)  (1.3872E-05,0.0000E+00)  (-2.7744E-05,0.0000E+00)
(2.3334E-05,0.0000E+00)  (2.3334E-05,0.0000E+00)  (-4.6669E-05,0.0000E+00)
(-3.8380E-04,0.0000E+00)  (-3.8380E-04,0.0000E+00)  (7.6761E-04,0.0000E+00)
(-5.8395E-04,0.0000E+00)  (-5.8395E-04,0.0000E+00)  (1.1679E-03,0.0000E+00)
(1.0013E-03,0.0000E+00)  (1.0013E-03,0.0000E+00)  (-2.0026E-03,0.0000E+00)
(-5.9493E-04,0.0000E+00)  (-5.9493E-04,0.0000E+00)  (1.1899E-03,0.0000E+00)
(-4.9276E-04,0.0000E+00)  (-4.9276E-04,0.0000E+00)  (9.8552E-04,0.0000E+00)
(-1.9250E-04,0.0000E+00)  (-1.9250E-04,0.0000E+00)  (3.8499E-04,0.0000E+00)
(2.3334E-05,0.0000E+00)  (2.3334E-05,0.0000E+00)  (-4.6669E-05,0.0000E+00)
(2.2448E-05,0.0000E+00)  (2.2448E-05,0.0000E+00)  (-4.4896E-05,0.0000E+00)
(-1.3934E-07,0.0000E+00)  (-1.3934E-07,0.0000E+00)  (2.7867E-07,0.0000E+00)
(-4.7452E-07,0.0000E+00)  (-4.7452E-07,0.0000E+00)  (9.4903E-07,0.0000E+00)
(1.4469E-08,0.0000E+00)  (1.4469E-08,0.0000E+00)  (-2.8939E-08,0.0000E+00)
(2.1604E-09,0.0000E+00)  (2.1604E-09,0.0000E+00)  (-4.3209E-09,0.0000E+00)
(-9.5374E-11,0.0000E+00)  (-9.5374E-11,0.0000E+00)  (1.9075E-10,0.0000E+00)
(-1.0810E-12,0.0000E+00)  (-1.0810E-12,0.0000E+00)  (2.1620E-12,0.0000E+00)
(8.6240E-14,0.0000E+00)  (8.6240E-14,0.0000E+00)  (-1.7248E-13,0.0000E+00)
(-6.5774E-16,0.0000E+00)  (-6.5774E-16,0.0000E+00)  (1.3155E-15,0.0000E+00)
(-1.0042E-17,0.0000E+00)  (-1.0042E-17,0.0000E+00)  (2.0085E-17,0.0000E+00)
(1.2911E-19,0.0000E+00)  (1.2911E-19,0.0000E+00)  (-2.5823E-19,0.0000E+00)
(-1.5384E-22,0.0000E+00)  (-1.5384E-22,0.0000E+00)  (3.0769E-22,0.0000E+00)
(-2.5494E-24,0.0000E+00)  (-2.5494E-24,0.0000E+00)  (5.0988E-24,0.0000E+00)
(8.3819E-27,0.0000E+00)  (8.3819E-27,0.0000E+00)  (-1.6764E-26,0.0000E+00)
(6.2683E-32,0.0000E+00)  (6.2683E-32,0.0000E+00)  (-1.2537E-31,0.0000E+00)
(-2.5691E-32,0.0000E+00)  (-2.5691E-32,0.0000E+00)  (5.1383E-32,0.0000E+00)
(2.4183E-35,0.0000E+00)  (2.4183E-35,0.0000E+00)  (-4.8366E-35,0.0000E+00)
(3.4662E-39,0.0000E+00)  (3.4662E-39,0.0000E+00)  (-6.9325E-39,0.0000E+00)
(-1.1015E-41,0.0000E+00)  (-1.1015E-41,0.0000E+00)  (2.2030E-41,0.0000E+00)
(3.1072E-45,0.0000E+00)  (3.1072E-45,0.0000E+00)  (-6.2143E-45,0.0000E+00)
(3.1092E-49,0.0000E+00)  (3.1092E-49,0.0000E+00)  (-6.2184E-49,0.0000E+00)
(3.1072E-45,0.0000E+00)  (3.1072E-45,0.0000E+00)  (-6.2143E-45,0.0000E+00)
(-1.1015E-41,0.0000E+00)  (-1.1015E-41,0.0000E+00)  (2.2030E-41,0.0000E+00)
(3.4662E-39,0.0000E+00)  (3.4662E-39,0.0000E+00)  (-6.9325E-39,0.0000E+00)
(2.4183E-35,0.0000E+00)  (2.4183E-35,0.0000E+00)  (-4.8366E-35,0.0000E+00)
(-2.5691E-32,0.0000E+00)  (-2.5691E-32,0.0000E+00)  (5.1383E-32,0.0000E+00)
(6.2683E-32,0.0000E+00)  (6.2683E-32,0.0000E+00)  (-1.2537E-31,0.0000E+00)
(8.3819E-27,0.0000E+00)  (8.3819E-27,0.0000E+00)  (-1.6764E-26,0.0000E+00)
(-2.5494E-24,0.0000E+00)  (-2.5494E-24,0.0000E+00)  (5.0988E-24,0.0000E+00)
(-1.5384E-22,0.0000E+00)  (-1.5384E-22,0.0000E+00)  (3.0769E-22,0.0000E+00)
(1.2911E-19,0.0000E+00)  (1.2911E-19,0.0000E+00)  (-2.5823E-19,0.0000E+00)
(-1.0042E-17,0.0000E+00)  (-1.0042E-17,0.0000E+00)  (2.0085E-17,0.0000E+00)
(-6.5774E-16,0.0000E+00)  (-6.5774E-16,0.0000E+00)  (1.3155E-15,0.0000E+00)
(8.6240E-14,0.0000E+00)  (8.6240E-14,0.0000E+00)  (-1.7248E-13,0.0000E+00)
(-1.0810E-12,0.0000E+00)  (-1.0810E-12,0.0000E+00)  (2.1620E-12,0.0000E+00)
(-9.5374E-11,0.0000E+00)  (-9.5374E-11,0.0000E+00)  (1.9075E-10,0.0000E+00)
(2.1604E-09,0.0000E+00)  (2.1604E-09,0.0000E+00)  (-4.3209E-09,0.0000E+00)
(1.4469E-08,0.0000E+00)  (1.4469E-08,0.0000E+00)  (-2.8939E-08,0.0000E+00)
(-4.7452E-07,0.0000E+00)  (-4.7452E-07,0.0000E+00)  (9.4903E-07,0.0000E+00)
(-1.3934E-07,0.0000E+00)  (-1.3934E-07,0.0000E+00)  (2.7867E-07,0.0000E+00)
(2.2448E-05,0.0000E+00)  (2.2448E-05,0.0000E+00)  (-4.4896E-05,0.0000E+00)
(2.3334E-05,0.0000E+00)  (2.3334E-05,0.0000E+00)  (-4.6669E-05,0.0000E+00)
(-1.9250E-04,0.0000E+00)  (-1.9250E-04,0.0000E+00)  (3.8499E-04,0.0000E+00)
(-4.9276E-04,0.0000E+00)  (-4.9276E-04,0.0000E+00)  (9.8552E-04,0.0000E+00)
(2.3334E-05,0.0000E+00)  (2.3334E-05,0.0000E+00)  (-4.6669E-05,0.0000E+00)
(3.3401E-05,0.0000E+00)  (3.3401E-05,0.0000E+00)  (-6.6802E-05,0.0000E+00)
(3.5577E-05,0.0000E+00)  (3.5577E-05,0.0000E+00)  (-7.1155E-05,0.0000E+00)
(1.3872E-05,0.0000E+00)  (1.3872E-05,0.0000E+00)  (-2.7744E-05,0.0000E+00)
(-1.3934E-07,0.0000E+00)  (-1.3934E-07,0.0000E+00)  (2.7867E-07,0.0000E+00)
(-6.9265E-07,0.0000E+00)  (-6.9265E-07,0.0000E+00)  (1.3853E-06,0.0000E+00)
(-1.5457E-08,0.0000E+00)  (-1.5457E-08,0.0000E+00)  (3.0915E-08,0.0000E+00)
(7.9493E-09,0.0000E+00)  (7.9493E-09,0.0000E+00)  (-1.5899E-08,0.0000E+00)
(-3.4294E-11,0.0000E+00)  (-3.4294E-11,0.0000E+00)  (6.8589E-11,0.0000E+00)
(-2.2204E-11,0.0000E+00)  (-2.2204E-11,0.0000E+00)  (4.4407E-11,0.0000E+00)
(4.0211E-13,0.0000E+00)  (4.0211E-13,0.0000E+00)  (-8.0422E-13,0.0000E+00)
(1.1003E-14,0.0000E+00)  (1.1003E-14,0.0000E+00)  (-2.2007E-14,0.0000E+00)
(-2.6406E-16,0.0000E+00)  (-2.6406E-16,0.0000E+00)  (5.2811E-16,0.0000E+00)
(4.4162E-20,0.0000E+00)  (4.4162E-20,0.0000E+00)  (-8.8323E-20,0.0000E+00)
(2.4775E-20,0.0000E+00)  (2.4775E-20,0.0000E+00)  (-4.9550E-20,0.0000E+00)
(-1.1261E-22,0.0000E+00)  (-1.1261E-22,0.0000E+00)  (2.2523E-22,0.0000E+00)
(-2.2799E-25,0.0000E+00)  (-2.2799E-25,0.0000E+00)  (4.5599E-25,0.0000E+00)
(1.9107E-27,0.0000E+00)  (1.9107E-27,0.0000E+00)  (-3.8215E-27,0.0000E+00)
(-1.9219E-30,0.0000E+00)  (-1.9219E-30,0.0000E+00)  (3.8439E-30,0.0000E+00)
(-3.4491E-33,0.0000E+00)  (-3.4491E-33,0.0000E+00)  (6.8981E-33,0.0000E+00)
(6.0656E-36,0.0000E+00)  (6.0656E-36,0.0000E+00)  (-1.2131E-35,0.0000E+00)
(-1.2611E-39,0.0000E+00)  (-1.2611E-39,0.0000E+00)  (2.5221E-39,0.0000E+00)
(-1.7642E-42,0.0000E+00)  (-1.7642E-42,0.0000E+00)  (3.5285E-42,0.0000E+00)
(8.2918E-46,0.0000E+00)  (8.2918E-46,0.0000E+00)  (-1.6584E-45,0.0000E+00)
(-2.4534E-50,0.0000E+00)  (-2.4534E-50,0.0000E+00)  (4.9068E-50,0.0000E+00)
(8.2918E-46,0.0000E+00)  (8.2918E-46,0.0000E+00)  (-1.6584E-45,0.0000E+00)
(-1.7642E-42,0.0000E+00)  (-1.7642E-42,0.0000E+00)  (3.5285E-42,0.0000E+00)
(-1.2611E-39,0.0000E+00)  (-1.2611E-39,0.0000E+00)  (2.5221E-39,0.0000E+00)
(6.0656E-36,0.0000E+00)  (6.0656E-36,0.0000E+00)  (-1.2131E-35,0.0000E+00)
(-3.4491E-33,0.0000E+00)  (-3.4491E-33,0.0000E+00)  (6.8981E-33,0.0000E+00)
(-1.9219E-30,0.0000E+00)  (-1.9219E-30,0.0000E+00)  (3.8439E-30,0.0000E+00)
(1.9107E-27,0.0000E+00)  (1.9107E-27,0.0000E+00)  (-3.8215E-27,0.0000E+00)
(-2.2799E-25,0.0000E+00)  (-2.2799E-25,0.0000E+00)  (4.5599E-25,0.0000E+00)
(-1.1261E-22,0.0000E+00)  (-1.1261E-22,0.0000E+00)  (2.2523E-22,0.0000E+00)
(2.4775E-20,0.0000E+00)  (2.4775E-20,0.0000E+00)  (-4.9550E-20,0.0000E+00)
(4.4162E-20,0.0000E+00)  (4.4162E-20,0.0000E+00)  (-8.8323E-20,0.0000E+00)
(-2.6406E-16,0.0000E+00)  (-2.6406E-16,0.0000E+00)  (5.2811E-16,0.0000E+00)
(1.1003E-14,0.0000E+00)  (1.1003E-14,0.0000E+00)  (-2.2007E-14,0.0000E+00)
(4.0211E-13,0.0000E+00)  (4.0211E-13,0.0000E+00)  (-8.0422E-13,0.0000E+00)
(-2.2204E-11,0.0000E+00)  (-2.2204E-11,0.0000E+00)  (4.4407E-11,0.0000E+00)
(-3.4294E-11,0.0000E+00)  (-3.4294E-11,0.0000E+00)  (6.8589E-11,0.0000E+00)
(7.9493E-09,0.0000E+00)  (7.9493E-09,0.0000E+00)  (-1.5899E-08,0.0000E+00)
(-1.5457E-08,0.0000E+00)  (-1.5457E-08,0.0000E+00)  (3.0915E-08,0.0000E+00)
(-6.9265E-07,0.0000E+00)  (-6.9265E-07,0.0000E+00)  (1.3853E-06,0.0000E+00)
(-1.3934E-07,0.0000E+00)  (-1.3934E-07,0.0000E+00)  (2.7867E-07,0.0000E+00)
(1.3872E-05,0.0000E+00)  (1.3872E-05,0.0000E+00)  (-2.7744E-05,0.0000E+00)
(3.5577E-05,0.0000E+00)  (3.5577E-05,0.0000E+00)  (-7.1155E-05,0.0000E+00)
(3.3401E-05,0.0000E+00)  (3.3401E-05,0.0000E+00)  (-6.6802E-05,0.0000E+00)
(7.3799E-06,0.0000E+00)  (7.3799E-06,0.0000E+00)  (-1.4760E-05,0.0000E+00)
(4.9799E-06,0.0000E+00)  (4.9799E-06,0.0000E+00)  (-9.9599E-06,0.0000E+00)
(6.0163E-07,0.0000E+00)  (6.0163E-07,0.0000E+00)  (-1.2033E-06,0.0000E+00)
(-1.1250E-06,0.0000E+00)  (-1.1250E-06,0.0000E+00)  (2.2500E-06,0.0000E+00)
(-4.7452E-07,0.0000E+00)  (-4.7452E-07,0.0000E+00)  (9.4903E-07,0.0000E+00)
(-1.5457E-08,0.0000E+00)  (-1.5457E-08,0.0000E+00)  (3.0915E-08,0.0000E+00)
(1.0889E-08,0.0000E+00)  (1.0889E-08,0.0000E+00)  (-2.1779E-08,0.0000E+00)
(3.9288E-10,0.0000E+00)  (3.9288E-10,0.0000E+00)  (-7.8576E-10,0.0000E+00)
(-6.5290E-11,0.0000E+00)  (-6.5290E-11,0.0000E+00)  (1.3058E-10,0.0000E+00)
(-6.0502E-13,0.0000E+00)  (-6.0502E-13,0.0000E+00)  (1.2100E-12,0.0000E+00)
(1.0362E-13,0.0000E+00)  (1.0362E-13,0.0000E+00)  (-2.0723E-13,0.0000E+00)
(-5.6836E-16,0.0000E+00)  (-5.6836E-16,0.0000E+00)  (1.1367E-15,0.0000E+00)
(-3.4358E-17,0.0000E+00)  (-3.4358E-17,0.0000E+00)  (6.8715E-17,0.0000E+00)
(3.3896E-19,0.0000E+00)  (3.3896E-19,0.0000E+00)  (-6.7792E-19,0.0000E+00)
(1.5224E-21,0.0000E+00)  (1.5224E-21,0.0000E+00)  (-3.0449E-21,0.0000E+00)
(-2.2373E-23,0.0000E+00)  (-2.2373E-23,0.0000E+00)  (4.4747E-23,0.0000E+00)
(2.9346E-26,0.0000E+00)  (2.9346E-26,0.0000E+00)  (-5.8693E-26,0.0000E+00)
(2.0853E-28,0.0000E+00)  (2.0853E-28,0.0000E+00)  (-4.1707E-28,0.0000E+00)
(-5.1480E-31,0.0000E+00)  (-5.1480E-31,0.0000E+00)  (1.0296E-30,0.0000E+00)
(-3.8731E-35,0.0000E+00)  (-3.8731E-35,0.0000E+00)  (7.7462E-35,0.0000E+00)
(8.2752E-37,0.0000E+00)  (8.2752E-37,0.0000E+00)  (-1.6550E-36,0.0000E+00)
(-4.7750E-40,0.0000E+00)  (-4.7750E-40,0.0000E+00)  (9.5501E-40,0.0000E+00)
(-1.1031E-43,0.0000E+00)  (-1.1031E-43,0.0000E+00)  (2.2062E-43,0.0000E+00)
(1.2784E-46,0.0000E+00)  (1.2784E-46,0.0000E+00)  (-2.5568E-46,0.0000E+00)
(-1.8309E-50,0.0000E+00)  (-1.8309E-50,0.0000E+00)  (3.6617E-50,0.0000E+00)
(1.2784E-46,0.0000E+00)  (1.2784E-46,0.0000E+00)  (-2.5568E-46,0.0000E+00)
(-1.1031E-43,0.0000E+00)  (-1.1031E-43,0.0000E+00)  (2.2062E-43,0.0000E+00)
(-4.7750E-40,0.0000E+00)  (-4.7750E-40,0.0000E+00)  (9.5501E-40,0.0000E+00)
(8.2752E-37,0.0000E+00)  (8.2752E-37,0.0000E+00)  (-1.6550E-36,0.0000E+00)
(-3.8731E-35,0.0000E+00)  (-3.8731E-35,0.0000E+00)  (7.7462E-35,0.0000E+00)
(-5.1480E-31,0.0000E+00)  (-5.1480E-31,0.0000E+00)  (1.0296E-30,0.0000E+00)
(2.0853E-28,0.0000E+00)  (2.0853E-28,0.0000E+00)  (-4.1707E-28,0.0000E+00)
(2.9346E-26,0.0000E+00)  (2.9346E-26,0.0000E+00)  (-5.8693E-26,0.0000E+00)
(-2.2373E-23,0.0000E+00)  (-2.2373E-23,0.0000E+00)  (4.4747E-23,0.0000E+00)
(1.5224E-21,0.0000E+00)  (1.5224E-21,0.0000E+00)  (-3.0449E-21,0.0000E+00)
(3.3896E-19,0.0000E+00)  (3.3896E-19,0.0000E+00)  (-6.7792E-19,0.0000E+00)
(-3.4358E-17,0.0000E+00)  (-3.4358E-17,0.0000E+00)  (6.8715E-17,0.0000E+00)
(-5.6836E-16,0.0000E+00)  (-5.6836E-16,0.0000E+00)  (1.1367E-15,0.0000E+00)
(1.0362E-13,0.0000E+00)  (1.0362E-13,0.0000E+00)  (-2.0723E-13,0.0000E+00)
(-6.0502E-13,0.0000E+00)  (-6.0502E-13,0.0000E+00)  (1.2100E-12,0.0000E+00)
(-6.5290E-11,0.0000E+00)  (-6.5290E-11,0.0000E+00)  (1.3058E-10,0.0000E+00)
(3.9288E-10,0.0000E+00)  (3.9288E-10,0.0000E+00)  (-7.8576E-10,0.0000E+00)
(1.0889E-08,0.0000E+00)  (1.0889E-08,0.0000E+00)  (-2.1779E-08,0.0000E+00)
(-1.5457E-08,0.0000E+00)  (-1.5457E-08,0.0000E+00)  (3.0915E-08,0.0000E+00)
(-4.7452E-07,0.0000E+00)  (-4.7452E-07,0.0000E+00)  (9.4903E-07,0.0000E+00)
(-1.1250E-06,0.0000E+00)  (-1.1250E-06,0.0000E+00)  (2.2500E-06,0.0000E+00)
(6.0163E-07,0.0000E+00)  (6.0163E-07,0.0000E+00)  (-1.2033E-06,0.0000E+00)
(4.9799E-06,0.0000E+00)  (4.9799E-06,0.0000E+00)  (-9.9599E-06,0.0000E+00)
(-8.0994E-07,0.0000E+00)  (-8.0994E-07,0.0000E+00)  (1.6199E-06,0.0000E+00)
(-6.9265E-07,0.0000E+00)  (-6.9265E-07,0.0000E+00)  (1.3853E-06,0.0000E+00)
(-3.8060E-07,0.0000E+00)  (-3.8060E-07,0.0000E+00)  (7.6119E-07,0.0000E+00)
(-8.5226E-08,0.0000E+00)  (-8.5226E-08,0.0000E+00)  (1.7045E-07,0.0000E+00)
(1.4469E-08,0.0000E+00)  (1.4469E-08,0.0000E+00)  (-2.8939E-08,0.0000E+00)
(7.9493E-09,0.0000E+00)  (7.9493E-09,0.0000E+00)  (-1.5899E-08,0.0000E+00)
(3.9288E-10,0.0000E+00)  (3.9288E-10,0.0000E+00)  (-7.8576E-10,0.0000E+00)
(-8.5297E-11,0.0000E+00)  (-8.5297E-11,0.0000E+00)  (1.7059E-10,0.0000E+00)
(-3.5844E-12,0.0000E+00)  (-3.5844E-12,0.0000E+00)  (7.1688E-12,0.0000E+00)
(2.6089E-13,0.0000E+00)  (2.6089E-13,0.0000E+00)  (-5.2179E-13,0.0000E+00)
(4.2441E-15,0.0000E+00)  (4.2441E-15,0.0000E+00)  (-8.4883E-15,0.0000E+00)
(-2.2666E-16,0.0000E+00)  (-2.2666E-16,0.0000E+00)  (4.5331E-16,0.0000E+00)
(-2.3936E-19,0.0000E+00)  (-2.3936E-19,0.0000E+00)  (4.7872E-19,0.0000E+00)
(4.4987E-20,0.0000E+00)  (4.4987E-20,0.0000E+00)  (-8.9974E-20,0.0000E+00)
(-1.7176E-22,0.0000E+00)  (-1.7176E-22,0.0000E+00)  (3.4352E-22,0.0000E+00)
(-1.6047E-24,0.0000E+00)  (-1.6047E-24,0.0000E+00)  (3.2094E-24,0.0000E+00)
(8.3819E-27,0.0000E+00)  (8.3819E-27,0.0000E+00)  (-1.6764E-26,0.0000E+00)
(3.2259E-30,0.0000E+00)  (3.2259E-30,0.0000E+00)  (-6.4517E-30,0.0000E+00)
(-5.6338E-32,0.0000E+00)  (-5.6338E-32,0.0000E+00)  (1.1268E-31,0.0000E+00)
(5.0759E-35,0.0000E+00)  (5.0759E-35,0.0000E+00)  (-1.0152E-34,0.0000E+00)
(4.7237E-38,0.0000E+00)  (4.7237E-38,0.0000E+00)  (-9.4473E-38,0.0000E+00)
(-6.6564E-41,0.0000E+00)  (-6.6564E-41,0.0000E+00)  (1.3313E-40,0.0000E+00)
(9.3368E-45,0.0000E+00)  (9.3368E-45,0.0000E+00)  (-1.8674E-44,0.0000E+00)
(1.0168E-47,0.0000E+00)  (1.0168E-47,0.0000E+00)  (-2.0335E-47,0.0000E+00)
(-3.1137E-51,0.0000E+00)  (-3.1137E-51,0.0000E+00)  (6.2274E-51,0.0000E+00)
(1.0168E-47,0.0000E+00)  (1.0168E-47,0.0000E+00)  (-2.0335E-47,0.0000E+00)
(9.3368E-45,0.0000E+00)  (9.3368E-45,0.0000E+00)  (-1.8674E-44,0.0000E+00)
(-6.6564E-41,0.0000E+00)  (-6.6564E-41,0.0000E+00)  (1.3313E-40,0.0000E+00)
(4.7237E-38,0.0000E+00)  (4.7237E-38,0.0000E+00)  (-9.4473E-38,0.0000E+00)
(5.0759E-35,0.0000E+00)  (5.0759E-35,0.0000E+00)  (-1.0152E-34,0.0000E+00)
(-5.6338E-32,0.0000E+00)  (-5.6338E-32,0.0000E+00)  (1.1268E-31,0.0000E+00)
(3.2259E-30,0.0000E+00)  (3.2259E-30,0.0000E+00)  (-6.4517E-30,0.0000E+00)
(8.3819E-27,0.0000E+00)  (8.3819E-27,0.0000E+00)  (-1.6764E-26,0.0000E+00)
(-1.6047E-24,0.0000E+00)  (-1.6047E-24,0.0000E+00)  (3.2094E-24,0.0000E+00)
(-1.7176E-22,0.0000E+00)  (-1.7176E-22,0.0000E+00)  (3.4352E-22,0.0000E+00)
(4.4987E-20,0.0000E+00)  (4.4987E-20,0.0000E+00)  (-8.9974E-20,0.0000E+00)
(-2.3936E-19,0.0000E+00)  (-2.3936E-19,0.0000E+00)  (4.7872E-19,0.0000E+00)
(-2.2666E-16,0.0000E+00)  (-2.2666E-16,0.0000E+00)  (4.5331E-16,0.0000E+00)
(4.2441E-15,0.0000E+00)  (4.2441E-15,0.0000E+00)  (-8.4883E-15,0.0000E+00)
(2.6089E-13,0.0000E+00)  (2.6089E-13,0.0000E+00)  (-5.2179E-13,0.0000E+00)
(-3.5844E-12,0.0000E+00)  (-3.5844E-12,0.0000E+00)  (7.1688E-12,0.0000E+00)
(-8.5297E-11,0.0000E+00)  (-8.5297E-11,0.0000E+00)  (1.7059E-10,0.0000E+00)
(3.9288E-10,0.0000E+00)  (3.9288E-10,0.0000E+00)  (-7.8576E-10,0.0000E+00)
(7.9493E-09,0.0000E+00)  (7.9493E-09,0.0000E+00)  (-1.5899E-08,0.0000E+00)
(1.4469E-08,0.0000E+00)  (1.4469E-08,0.0000E+00)  (-2.8939E-08,0.0000E+00)
(-8.5226E-08,0.0000E+00)  (-8.5226E-08,0.0000E+00)  (1.7045E-07,0.0000E+00)
(-3.8060E-07,0.0000E+00)  (-3.8060E-07,0.0000E+00)  (7.6119E-07,0.0000E+00)
(-6.9265E-07,0.0000E+00)  (-6.9265E-07,0.0000E+00)  (1.3853E-06,0.0000E+00)
(1.1104E-08,0.0000E+00)  (1.1104E-08,0.0000E+00)  (-2.2208E-08,0.0000E+00)
(1.4469E-08,0.0000E+00)  (1.4469E-08,0.0000E+00)  (-2.8939E-08,0.0000E+00)
(1.6191E-08,0.0000E+00)  (1.6191E-08,0.0000E+00)  (-3.2383E-08,0.0000E+00)
(9.3771E-09,0.0000E+00)  (9.3771E-09,0.0000E+00)  (-1.8754E-08,0.0000E+00)
(2.1604E-09,0.0000E+00)  (2.1604E-09,0.0000E+00)  (-4.3209E-09,0.0000E+00)
(-3.4294E-11,0.0000E+00)  (-3.4294E-11,0.0000E+00)  (6.8589E-11,0.0000E+00)
(-6.5290E-11,0.0000E+00)  (-6.5290E-11,0.0000E+00)  (1.3058E-10,0.0000E+00)
(-3.5844E-12,0.0000E+00)  (-3.5844E-12,0.0000E+00)  (7.1688E-12,0.0000E+00)
(3.2644E-13,0.0000E+00)  (3.2644E-13,0.0000E+00)  (-6.5289E-13,0.0000E+00)
(1.4483E-14,0.0000E+00)  (1.4483E-14,0.0000E+00)  (-2.8966E-14,0.0000E+00)
(-5.0004E-16,0.0000E+00)  (-5.0004E-16,0.0000E+00)  (1.0001E-15,0.0000E+00)
(-1.0042E-17,0.0000E+00)  (-1.0042E-17,0.0000E+00)  (2.0085E-17,0.0000E+00)
(2.3379E-19,0.0000E+00)  (2.3379E-19,0.0000E+00)  (-4.6758E-19,0.0000E+00)
(1.0717E-21,0.0000E+00)  (1.0717E-21,0.0000E+00)  (-2.1434E-21,0.0000E+00)
(-2.6557E-23,0.0000E+00)  (-2.6557E-23,0.0000E+00)  (5.3113E-23,0.0000E+00)
(2.1582E-26,0.0000E+00)  (2.1582E-26,0.0000E+00)  (-4.3163E-26,0.0000E+00)
(6.0669E-28,0.0000E+00)  (6.0669E-28,0.0000E+00)  (-1.2134E-27,0.0000E+00)
(-1.3077E-30,0.0000E+00)  (-1.3077E-30,0.0000E+00)  (2.6155E-30,0.0000E+00)
(-2.0563E-33,0.0000E+00)  (-2.0563E-33,0.0000E+00)  (4.1126E-33,0.0000E+00)
(6.0656E-36,0.0000E+00)  (6.0656E-36,0.0000E+00)  (-1.2131E-35,0.0000E+00)
(-1.1820E-39,0.0000E+00)  (-1.1820E-39,0.0000E+00)  (2.3641E-39,0.0000E+00)
(-4.1008E-42,0.0000E+00)  (-4.1008E-42,0.0000E+00)  (8.2016E-42,0.0000E+00)
(2.0538E-45,0.0000E+00)  (2.0538E-45,0.0000E+00)  (-4.1077E-45,0.0000E+00)
(2.2163E-49,0.0000E+00)  (2.2163E-49,0.0000E+00)  (-4.4326E-49,0.0000E+00)
(-2.4632E-52,0.0000E+00)  (-2.4632E-52,0.0000E+00)  (4.9264E-52,0.0000E+00)
(2.2163E-49,0.0000E+00)  (2.2163E-49,0.0000E+00)  (-4.4326E-49,0.0000E+00)
(2.0538E-45,0.0000E+00)  (2.0538E-45,0.0000E+00)  (-4.1077E-45,0.0000E+00)
(-4.1008E-42,0.0000E+00)  (-4.1008E-42,0.0000E+00)  (8.2016E-42,0.0000E+00)
(-1.1820E-39,0.0000E+00)  (-1.1820E-39,0.0000E+00)  (2.3641E-39,0.0000E+00)
(6.0656E-36,0.0000E+00)  (6.0656E-36,0.0000E+00)  (-1.2131E-35,0.0000E+00)
(-2.0563E-33,0.0000E+00)  (-2.0563E-33,0.0000E+00)  (4.1126E-33,0.0000E+00)
(-1.3077E-30,0.0000E+00)  (-1.3077E-30,0.0000E+00)  (2.6155E-30,0.0000E+00)
(6.0669E-28,0.0000E+00)  (6.0669E-28,0.0000E+00)  (-1.2134E-27,0.0000E+00)
(2.1582E-26,0.0000E+00)  (2.1582E-26,0.0000E+00)  (-4.3163E-26,0.0000E+00)
(-2.6557E-23,0.0000E+00)  (-2.6557E-23,0.0000E+00)  (5.3113E-23,0.0000E+00)
(1.0717E-21,0.0000E+00)  (1.0717E-21,0.0000E+00)  (-2.1434E-21,0.0000E+00)
(2.3379E-19,0.0000E+00)  (2.3379E-19,0.0000E+00)  (-4.6758E-19,0.0000E+00)
(-1.0042E-17,0.0000E+00)  (-1.0042E-17,0.0000E+00)  (2.0085E-17,0.0000E+00)
(-5.0004E-16,0.0000E+00)  (-5.0004E-16,0.0000E+00)  (1.0001E-15,0.0000E+00)
(1.4483E-14,0.0000E+00)  (1.4483E-14,0.0000E+00)  (-2.8966E-14,0.0000E+00)
(3.2644E-13,0.0000E+00)  (3.2644E-13,0.0000E+00)  (-6.5289E-13,0.0000E+00)
(-3.5844E-12,0.0000E+00)  (-3.5844E-12,0.0000E+00)  (7.1688E-12,0.0000E+00)
(-6.5290E-11,0.0000E+00)  (-6.5290E-11,0.0000E+00)  (1.3058E-10,0.0000E+00)
(-3.4294E-11,0.0000E+00)  (-3.4294E-11,0.0000E+00)  (6.8589E-11,0.0000E+00)
(2.1604E-09,0.0000E+00)  (2.1604E-09,0.0000E+00)  (-4.3209E-09,0.0000E+00)
(9.3771E-09,0.0000E+00)  (9.3771E-09,0.0000E+00)  (-1.8754E-08,0.0000E+00)
(1.6191E-08,0.0000E+00)  (1.6191E-08,0.0000E+00)  (-3.2383E-08,0.0000E+00)
(1.4469E-08,0.0000E+00)  (1.4469E-08,0.0000E+00)  (-2.8939E-08,0.0000E+00)
(1.6383E-09,0.0000E+00)  (1.6383E-09,0.0000E+00)  (-3.2765E-09,0.0000E+00)
(1.2132E-09,0.0000E+00)  (1.2132E-09,0.0000E+00)  (-2.4264E-09,0.0000E+00)
(3.9288E-10,0.0000E+00)  (3.9288E-10,0.0000E+00)  (-7.8576E-10,0.0000E+00)
(-7.5038E-11,0.0000E+00)  (-7.5038E-11,0.0000E+00)  (1.5008E-10,0.0000E+00)
(-9.5374E-11,0.0000E+00)  (-9.5374E-11,0.0000E+00)  (1.9075E-10,0.0000E+00)
(-2.2204E-11,0.0000E+00)  (-2.2204E-11,0.0000E+00)  (4.4407E-11,0.0000E+00)
(-6.0502E-13,0.0000E+00)  (-6.0502E-13,0.0000E+00)  (1.2100E-12,0.0000E+00)
(2.6089E-13,0.0000E+00)  (2.6089E-13,0.0000E+00)  (-5.2179E-13,0.0000E+00)
(1.4483E-14,0.0000E+00)  (1.4483E-14,0.0000E+00)  (-2.8966E-14,0.0000E+00)
(-5.9582E-16,0.0000E+00)  (-5.9582E-16,0.0000E+00)  (1.1916E-15,0.0000E+00)
(-2.7395E-17,0.0000E+00)  (-2.7395E-17,0.0000E+00)  (5.4789E-17,0.0000E+00)
(4.4805E-19,0.0000E+00)  (4.4805E-19,0.0000E+00)  (-8.9610E-19,0.0000E+00)
(1.0296E-20,0.0000E+00)  (1.0296E-20,0.0000E+00)  (-2.0591E-20,0.0000E+00)
(-1.1261E-22,0.0000E+00)  (-1.1261E-22,0.0000E+00)  (2.2523E-22,0.0000E+00)
(-7.5406E-25,0.0000E+00)  (-7.5406E-25,0.0000E+00)  (1.5081E-24,0.0000E+00)
(7.2233E-27,0.0000E+00)  (7.2233E-27,0.0000E+00)  (-1.4447E-26,0.0000E+00)
(5.7074E-30,0.0000E+00)  (5.7074E-30,0.0000E+00)  (-1.1415E-29,0.0000E+00)
(-9.8241E-32,0.0000E+00)  (-9.8241E-32,0.0000E+00)  (1.9648E-31,0.0000E+00)
(7.5369E-35,0.0000E+00)  (7.5369E-35,0.0000E+00)  (-1.5074E-34,0.0000E+00)
(2.4178E-37,0.0000E+00)  (2.4178E-37,0.0000E+00)  (-4.8356E-37,0.0000E+00)
(-2.7497E-40,0.0000E+00)  (-2.7497E-40,0.0000E+00)  (5.4993E-40,0.0000E+00)
(-5.6213E-44,0.0000E+00)  (-5.6213E-44,0.0000E+00)  (1.1243E-43,0.0000E+00)
(1.2784E-46,0.0000E+00)  (1.2784E-46,0.0000E+00)  (-2.5568E-46,0.0000E+00)
(-2.2498E-50,0.0000E+00)  (-2.2498E-50,0.0000E+00)  (4.4997E-50,0.0000E+00)
(-8.2397E-54,0.0000E+00)  (-8.2397E-54,0.0000E+00)  (1.6479E-53,0.0000E+00)
(-2.2498E-50,0.0000E+00)  (-2.2498E-50,0.0000E+00)  (4.4997E-50,0.0000E+00)
(1.2784E-46,0.0000E+00)  (1.2784E-46,0.0000E+00)  (-2.5568E-46,0.0000E+00)
(-5.6213E-44,0.0000E+00)  (-5.6213E-44,0.0000E+00)  (1.1243E-43,0.0000E+00)
(-2.7497E-40,0.0000E+00)  (-2.7497E-40,0.0000E+00)  (5.4993E-40,0.0000E+00)
(2.4178E-37,0.0000E+00)  (2.4178E-37,0.0000E+00)  (-4.8356E-37,0.0000E+00)
(7.5369E-35,0.0000E+00)  (7.5369E-35,0.0000E+00)  (-1.5074E-34,0.0000E+00)
(-9.8241E-32,0.0000E+00)  (-9.8241E-32,0.0000E+00)  (1.9648E-31,0.0000E+00)
(5.7074E-30,0.0000E+00)  (5.7074E-30,0.0000E+00)  (-1.1415E-29,0.0000E+00)
(7.2233E-27,0.0000E+00)  (7.2233E-27,0.0000E+00)  (-1.4447E-26,0.0000E+00)
(-7.5406E-25,0.0000E+00)  (-7.5406E-25,0.0000E+00)  (1.5081E-24,0.0000E+00)
(-1.1261E-22,0.0000E+00)  (-1.1261E-22,0.0000E+00)  (2.2523E-22,0.0000E+00)
(1.0296E-20,0.0000E+00)  (1.0296E-20,0.0000E+00)  (-2.0591E-20,0.0000E+00)
(4.4805E-19,0.0000E+00)  (4.4805E-19,0.0000E+00)  (-8.9610E-19,0.0000E+00)
(-2.7395E-17,0.0000E+00)  (-2.7395E-17,0.0000E+00)  (5.4789E-17,0.0000E+00)
(-5.9582E-16,0.0000E+00)  (-5.9582E-16,0.0000E+00)  (1.1916E-15,0.0000E+00)
(1.4483E-14,0.0000E+00)  (1.4483E-14,0.0000E+00)  (-2.8966E-14,0.0000E+00)
(2.6089E-13,0.0000E+00)  (2.6089E-13,0.0000E+00)  (-5.2179E-13,0.0000E+00)
(-6.0502E-13,0.0000E+00)  (-6.0502E-13,0.0000E+00)  (1.2100E-12,0.0000E+00)
(-2.2204E-11,0.0000E+00)  (-2.2204E-11,0.0000E+00)  (4.4407E-11,0.0000E+00)
(-9.5374E-11,0.0000E+00)  (-9.5374E-11,0.0000E+00)  (1.9075E-10,0.0000E+00)
(-7.5038E-11,0.0000E+00)  (-7.5038E-11,0.0000E+00)  (1.5008E-10,0.0000E+00)
(3.9288E-10,0.0000E+00)  (3.9288E-10,0.0000E+00)  (-7.8576E-10,0.0000E+00)
(1.2132E-09,0.0000E+00)  (1.2132E-09,0.0000E+00)  (-2.4264E-09,0.0000E+00)
(-6.5290E-11,0.0000E+00)  (-6.5290E-11,0.0000E+00)  (1.3058E-10,0.0000E+00)
(-5.6050E-11,0.0000E+00)  (-5.6050E-11,0.0000E+00)  (1.1210E-10,0.0000E+00)
(-3.3190E-11,0.0000E+00)  (-3.3190E-11,0.0000E+00)  (6.6380E-11,0.0000E+00)
(-1.1160E-11,0.0000E+00)  (-1.1160E-11,0.0000E+00)  (2.2320E-11,0.0000E+00)
(-1.0810E-12,0.0000E+00)  (-1.0810E-12,0.0000E+00)  (2.1620E-12,0.0000E+00)
(4.0211E-13,0.0000E+00)  (4.0211E-13,0.0000E+00)  (-8.0422E-13,0.0000E+00)
(1.0362E-13,0.0000E+00)  (1.0362E-13,0.0000E+00)  (-2.0723E-13,0.0000E+00)
(4.2441E-15,0.0000E+00)  (4.2441E-15,0.0000E+00)  (-8.4883E-15,0.0000E+00)
(-5.0004E-16,0.0000E+00)  (-5.0004E-16,0.0000E+00)  (1.0001E-15,0.0000E+00)
(-2.7395E-17,0.0000E+00)  (-2.7395E-17,0.0000E+00)  (5.4789E-17,0.0000E+00)
(4.9742E-19,0.0000E+00)  (4.9742E-19,0.0000E+00)  (-9.9483E-19,0.0000E+00)
(2.4775E-20,0.0000E+00)  (2.4775E-20,0.0000E+00)  (-4.9550E-20,0.0000E+00)
(-1.7754E-22,0.0000E+00)  (-1.7754E-22,0.0000E+00)  (3.5508E-22,0.0000E+00)
(-4.8775E-24,0.0000E+00)  (-4.8775E-24,0.0000E+00)  (9.7551E-24,0.0000E+00)
(2.4564E-26,0.0000E+00)  (2.4564E-26,0.0000E+00)  (-4.9128E-26,0.0000E+00)
(2.0853E-28,0.0000E+00)  (2.0853E-28,0.0000E+00)  (-4.1707E-28,0.0000E+00)
(-9.0395E-31,0.0000E+00)  (-9.0395E-31,0.0000E+00)  (1.8079E-30,0.0000E+00)
(-1.5624E-33,0.0000E+00)  (-1.5624E-33,0.0000E+00)  (3.1249E-33,0.0000E+00)
(7.1579E-36,0.0000E+00)  (7.1579E-36,0.0000E+00)  (-1.4316E-35,0.0000E+00)
(-4.1572E-40,0.0000E+00)  (-4.1572E-40,0.0000E+00)  (8.3143E-40,0.0000E+00)
(-1.1015E-41,0.0000E+00)  (-1.1015E-41,0.0000E+00)  (2.2030E-41,0.0000E+00)
(5.0985E-45,0.0000E+00)  (5.0985E-45,0.0000E+00)  (-1.0197E-44,0.0000E+00)
(2.6810E-48,0.0000E+00)  (2.6810E-48,0.0000E+00)  (-5.3620E-48,0.0000E+00)
(-1.6479E-51,0.0000E+00)  (-1.6479E-51,0.0000E+00)  (3.2958E-51,0.0000E+00)
(2.7780E-56,0.0000E+00)  (2.7780E-56,0.0000E+00)  (-5.5560E-56,0.0000E+00)
(-1.6479E-51,0.0000E+00)  (-1.6479E-51,0.0000E+00)  (3.2958E-51,0.0000E+00)
(2.6810E-48,0.0000E+00)  (2.6810E-48,0.0000E+00)  (-5.3620E-48,0.0000E+00)
(5.0985E-45,0.0000E+00)  (5.0985E-45,0.0000E+00)  (-1.0197E-44,0.0000E+00)
(-1.1015E-41,0.0000E+00)  (-1.1015E-41,0.0000E+00)  (2.2030E-41,0.0000E+00)
(-4.1572E-40,0.0000E+00)  (-4.1572E-40,0.0000E+00)  (8.3143E-40,0.0000E+00)
(7.1579E-36,0.0000E+00)  (7.1579E-36,0.0000E+00)  (-1.4316E-35,0.0000E+00)
(-1.5624E-33,0.0000E+00)  (-1.5624E-33,0.0000E+00)  (3.1249E-33,0.0000E+00)
(-9.0395E-31,0.0000E+00)  (-9.0395E-31,0.0000E+00)  (1.8079E-30,0.0000E+00)
(2.0853E-28,0.0000E+00)  (2.0853E-28,0.0000E+00)  (-4.1707E-28,0.0000E+00)
(2.4564E-26,0.0000E+00)  (2.4564E-26,0.0000E+00)  (-4.9128E-26,0.0000E+00)
(-4.8775E-24,0.0000E+00)  (-4.8775E-24,0.0000E+00)  (9.7551E-24,0.0000E+00)
(-1.7754E-22,0.0000E+00)  (-1.7754E-22,0.0000E+00)  (3.5508E-22,0.0000E+00)
(2.4775E-20,0.0000E+00)  (2.4775E-20,0.0000E+00)  (-4.9550E-20,0.0000E+00)
(4.9742E-19,0.0000E+00)  (4.9742E-19,0.0000E+00)  (-9.9483E-19,0.0000E+00)
(-2.7395E-17,0.0000E+00)  (-2.7395E-17,0.0000E+00)  (5.4789E-17,0.0000E+00)
(-5.0004E-16,0.0000E+00)  (-5.0004E-16,0.0000E+00)  (1.0001E-15,0.0000E+00)
(4.2441E-15,0.0000E+00)  (4.2441E-15,0.0000E+00)  (-8.4883E-15,0.0000E+00)
(1.0362E-13,0.0000E+00)  (1.0362E-13,0.0000E+00)  (-2.0723E-13,0.0000E+00)
(4.0211E-13,0.0000E+00)  (4.0211E-13,0.0000E+00)  (-8.0422E-13,0.0000E+00)
(-1.0810E-12,0.0000E+00)  (-1.0810E-12,0.0000E+00)  (2.1620E-12,0.0000E+00)
(-1.1160E-11,0.0000E+00)  (-1.1160E-11,0.0000E+00)  (2.2320E-11,0.0000E+00)
(-3.3190E-11,0.0000E+00)  (-3.3190E-11,0.0000E+00)  (6.6380E-11,0.0000E+00)
(-5.6050E-11,0.0000E+00)  (-5.6050E-11,0.0000E+00)  (1.1210E-10,0.0000E+00)
(2.9154E-13,0.0000E+00)  (2.9154E-13,0.0000E+00)  (-5.8308E-13,0.0000E+00)
(3.6168E-13,0.0000E+00)  (3.6168E-13,0.0000E+00)  (-7.2336E-13,0.0000E+00)
(4.0211E-13,0.0000E+00)  (4.0211E-13,0.0000E+00)  (-8.0422E-13,0.0000E+00)
(2.6089E-13,0.0000E+00)  (2.6089E-13,0.0000E+00)  (-5.2179E-13,0.0000E+00)
(8.6240E-14,0.0000E+00)  (8.6240E-14,0.0000E+00)  (-1.7248E-13,0.0000E+00)
(1.1003E-14,0.0000E+00)  (1.1003E-14,0.0000E+00)  (-2.2007E-14,0.0000E+00)
(-5.6836E-16,0.0000E+00)  (-5.6836E-16,0.0000E+00)  (1.1367E-15,0.0000E+00)
(-2.2666E-16,0.0000E+00)  (-2.2666E-16,0.0000E+00)  (4.5331E-16,0.0000E+00)
(-1.0042E-17,0.0000E+00)  (-1.0042E-17,0.0000E+00)  (2.0085E-17,0.0000E+00)
(4.4805E-19,0.0000E+00)  (4.4805E-19,0.0000E+00)  (-8.9610E-19,0.0000E+00)
(2.4775E-20,0.0000E+00)  (2.4775E-20,0.0000E+00)  (-4.9550E-20,0.0000E+00)
(-1.7117E-22,0.0000E+00)  (-1.7117E-22,0.0000E+00)  (3.4235E-22,0.0000E+00)
(-1.0812E-23,0.0000E+00)  (-1.0812E-23,0.0000E+00)  (2.1623E-23,0.0000E+00)
(2.6107E-26,0.0000E+00)  (2.6107E-26,0.0000E+00)  (-5.2215E-26,0.0000E+00)
(1.0944E-27,0.0000E+00)  (1.0944E-27,0.0000E+00)  (-2.1889E-27,0.0000E+00)
(-2.2242E-30,0.0000E+00)  (-2.2242E-30,0.0000E+00)  (4.4485E-30,0.0000E+00)
(-2.5691E-32,0.0000E+00)  (-2.5691E-32,0.0000E+00)  (5.1383E-32,0.0000E+00)
(5.0759E-35,0.0000E+00)  (5.0759E-35,0.0000E+00)  (-1.0152E-34,0.0000E+00)
(1.2417E-37,0.0000E+00)  (1.2417E-37,0.0000E+00)  (-2.4833E-37,0.0000E+00)
(-2.3746E-40,0.0000E+00)  (-2.3746E-40,0.0000E+00)  (4.7491E-40,0.0000E+00)
(-7.9852E-44,0.0000E+00)  (-7.9852E-44,0.0000E+00)  (1.5970E-43,0.0000E+00)
(2.1799E-46,0.0000E+00)  (2.1799E-46,0.0000E+00)  (-4.3598E-46,0.0000E+00)
(-3.1418E-50,0.0000E+00)  (-3.1418E-50,0.0000E+00)  (6.2835E-50,0.0000E+00)
(-3.6242E-53,0.0000E+00)  (-3.6242E-53,0.0000E+00)  (7.2484E-53,0.0000E+00)
(8.9623E-57,0.0000E+00)  (8.9623E-57,0.0000E+00)  (-1.7925E-56,0.0000E+00)
(-3.6242E-53,0.0000E+00)  (-3.6242E-53,0.0000E+00)  (7.2484E-53,0.0000E+00)
(-3.1418E-50,0.0000E+00)  (-3.1418E-50,0.0000E+00)  (6.2835E-50,0.0000E+00)
(2.1799E-46,0.0000E+00)  (2.1799E-46,0.0000E+00)  (-4.3598E-46,0.0000E+00)
(-7.9852E-44,0.0000E+00)  (-7.9852E-44,0.0000E+00)  (1.5970E-43,0.0000E+00)
(-2.3746E-40,0.0000E+00)  (-2.3746E-40,0.0000E+00)  (4.7491E-40,0.0000E+00)
(1.2417E-37,0.0000E+00)  (1.2417E-37,0.0000E+00)  (-2.4833E-37,0.0000E+00)
(5.0759E-35,0.0000E+00)  (5.0759E-35,0.0000E+00)  (-1.0152E-34,0.0000E+00)
(-2.5691E-32,0.0000E+00)  (-2.5691E-32,0.0000E+00)  (5.1383E-32,0.0000E+00)
(-2.2242E-30,0.0000E+00)  (-2.2242E-30,0.0000E+00)  (4.4485E-30,0.0000E+00)
(1.0944E-27,0.0000E+00)  (1.0944E-27,0.0000E+00)  (-2.1889E-27,0.0000E+00)
(2.6107E-26,0.0000E+00)  (2.6107E-26,0.0000E+00)  (-5.2215E-26,0.0000E+00)
(-1.0812E-23,0.0000E+00)  (-1.0812E-23,0.0000E+00)  (2.1623E-23,0.0000E+00)
(-1.7117E-22,0.0000E+00)  (-1.7117E-22,0.0000E+00)  (3.4235E-22,0.0000E+00)
(2.4775E-20,0.0000E+00)  (2.4775E-20,0.0000E+00)  (-4.9550E-20,0.0000E+00)
(4.4805E-19,0.0000E+00)  (4.4805E-19,0.0000E+00)  (-8.9610E-19,0.0000E+00)
(-1.0042E-17,0.0000E+00)  (-1.0042E-17,0.0000E+00)  (2.0085E-17,0.0000E+00)
(-2.2666E-16,0.0000E+00)  (-2.2666E-16,0.0000E+00)  (4.5331E-16,0.0000E+00)
(-5.6836E-16,0.0000E+00)  (-5.6836E-16,0.0000E+00)  (1.1367E-15,0.0000E+00)
(1.1003E-14,0.0000E+00)  (1.1003E-14,0.0000E+00)  (-2.2007E-14,0.0000E+00)
(8.6240E-14,0.0000E+00)  (8.6240E-14,0.0000E+00)  (-1.7248E-13,0.0000E+00)
(2.6089E-13,0.0000E+00)  (2.6089E-13,0.0000E+00)  (-5.2179E-13,0.0000E+00)
(4.0211E-13,0.0000E+00)  (4.0211E-13,0.0000E+00)  (-8.0422E-13,0.0000E+00)
(3.6168E-13,0.0000E+00)  (3.6168E-13,0.0000E+00)  (-7.2336E-13,0.0000E+00)
(1.8781E-14,0.0000E+00)  (1.8781E-14,0.0000E+00)  (-3.7563E-14,0.0000E+00)
(1.4483E-14,0.0000E+00)  (1.4483E-14,0.0000E+00)  (-2.8966E-14,0.0000E+00)
(5.9908E-15,0.0000E+00)  (5.9908E-15,0.0000E+00)  (-1.1982E-14,0.0000E+00)
(4.7165E-16,0.0000E+00)  (4.7165E-16,0.0000E+00)  (-9.4330E-16,0.0000E+00)
(-6.5774E-16,0.0000E+00)  (-6.5774E-16,0.0000E+00)  (1.3155E-15,0.0000E+00)
(-2.6406E-16,0.0000E+00)  (-2.6406E-16,0.0000E+00)  (5.2811E-16,0.0000E+00)
(-3.4358E-17,0.0000E+00)  (-3.4358E-17,0.0000E+00)  (6.8715E-17,0.0000E+00)
(-2.3936E-19,0.0000E+00)  (-2.3936E-19,0.0000E+00)  (4.7872E-19,0.0000E+00)
(2.3379E-19,0.0000E+00)  (2.3379E-19,0.0000E+00)  (-4.6758E-19,0.0000E+00)
(1.0296E-20,0.0000E+00)  (1.0296E-20,0.0000E+00)  (-2.0591E-20,0.0000E+00)
(-1.7754E-22,0.0000E+00)  (-1.7754E-22,0.0000E+00)  (3.5508E-22,0.0000E+00)
(-1.0812E-23,0.0000E+00)  (-1.0812E-23,0.0000E+00)  (2.1623E-23,0.0000E+00)
(1.4214E-26,0.0000E+00)  (1.4214E-26,0.0000E+00)  (-2.8429E-26,0.0000E+00)
(2.2848E-27,0.0000E+00)  (2.2848E-27,0.0000E+00)  (-4.5695E-27,0.0000E+00)
(6.2683E-32,0.0000E+00)  (6.2683E-32,0.0000E+00)  (-1.2537E-31,0.0000E+00)
(-1.1755E-31,0.0000E+00)  (-1.1755E-31,0.0000E+00)  (2.3509E-31,0.0000E+00)
(5.5573E-35,0.0000E+00)  (5.5573E-35,0.0000E+00)  (-1.1115E-34,0.0000E+00)
(1.4698E-36,0.0000E+00)  (1.4698E-36,0.0000E+00)  (-2.9396E-36,0.0000E+00)
(-1.1805E-39,0.0000E+00)  (-1.1805E-39,0.0000E+00)  (2.3611E-39,0.0000E+00)
(-4.1008E-42,0.0000E+00)  (-4.1008E-42,0.0000E+00)  (8.2016E-42,0.0000E+00)
(3.5408E-45,0.0000E+00)  (3.5408E-45,0.0000E+00)  (-7.0817E-45,0.0000E+00)
(2.1125E-48,0.0000E+00)  (2.1125E-48,0.0000E+00)  (-4.2251E-48,0.0000E+00)
(-1.9378E-51,0.0000E+00)  (-1.9378E-51,0.0000E+00)  (3.8756E-51,0.0000E+00)
(-4.5571E-56,0.0000E+00)  (-4.5571E-56,0.0000E+00)  (9.1142E-56,0.0000E+00)
(1.9870E-58,0.0000E+00)  (1.9870E-58,0.0000E+00)  (-3.9741E-58,0.0000E+00)
(-4.5571E-56,0.0000E+00)  (-4.5571E-56,0.0000E+00)  (9.1142E-56,0.0000E+00)
(-1.9378E-51,0.0000E+00)  (-1.9378E-51,0.0000E+00)  (3.8756E-51,0.0000E+00)
(2.1125E-48,0.0000E+00)  (2.1125E-48,0.0000E+00)  (-4.2251E-48,0.0000E+00)
(3.5408E-45,0.0000E+00)  (3.5408E-45,0.0000E+00)  (-7.0817E-45,0.0000E+00)
(-4.1008E-42,0.0000E+00)  (-4.1008E-42,0.0000E+00)  (8.2016E-42,0.0000E+00)
(-1.1805E-39,0.0000E+00)  (-1.1805E-39,0.0000E+00)  (2.3611E-39,0.0000E+00)
(1.4698E-36,0.0000E+00)  (1.4698E-36,0.0000E+00)  (-2.9396E-36,0.0000E+00)
(5.5573E-35,0.0000E+00)  (5.5573E-35,0.0000E+00)  (-1.1115E-34,0.0000E+00)
(-1.1755E-31,0.0000E+00)  (-1.1755E-31,0.0000E+00)  (2.3509E-31,0.0000E+00)
(6.2683E-32,0.0000E+00)  (6.2683E-32,0.0000E+00)  (-1.2537E-31,0.0000E+00)
(2.2848E-27,0.0000E+00)  (2.2848E-27,0.0000E+00)  (-4.5695E-27,0.0000E+00)
(1.4214E-26,0.0000E+00)  (1.4214E-26,0.0000E+00)  (-2.8429E-26,0.0000E+00)
(-1.0812E-23,0.0000E+00)  (-1.0812E-23,0.0000E+00)  (2.1623E-23,0.0000E+00)
(-1.7754E-22,0.0000E+00)  (-1.7754E-22,0.0000E+00)  (3.5508E-22,0.0000E+00)
(1.0296E-20,0.0000E+00)  (1.0296E-20,0.0000E+00)  (-2.0591E-20,0.0000E+00)
(2.3379E-19,0.0000E+00)  (2.3379E-19,0.0000E+00)  (-4.6758E-19,0.0000E+00)
(-2.3936E-19,0.0000E+00)  (-2.3936E-19,0.0000E+00)  (4.7872E-19,0.0000E+00)
(-3.4358E-17,0.0000E+00)  (-3.4358E-17,0.0000E+00)  (6.8715E-17,0.0000E+00)
(-2.6406E-16,0.0000E+00)  (-2.6406E-16,0.0000E+00)  (5.2811E-16,0.0000E+00)
(-6.5774E-16,0.0000E+00)  (-6.5774E-16,0.0000E+00)  (1.3155E-15,0.0000E+00)
(4.7165E-16,0.0000E+00)  (4.7165E-16,0.0000E+00)  (-9.4330E-16,0.0000E+00)
(5.9908E-15,0.0000E+00)  (5.9908E-15,0.0000E+00)  (-1.1982E-14,0.0000E+00)
(1.4483E-14,0.0000E+00)  (1.4483E-14,0.0000E+00)  (-2.8966E-14,0.0000E+00)
(-2.6406E-16,0.0000E+00)  (-2.6406E-16,0.0000E+00)  (5.2811E-16,0.0000E+00)
(-2.2666E-16,0.0000E+00)  (-2.2666E-16,0.0000E+00)  (4.5331E-16,0.0000E+00)
(-1.3766E-16,0.0000E+00)  (-1.3766E-16,0.0000E+00)  (2.7531E-16,0.0000E+00)
(-5.2814E-17,0.0000E+00)  (-5.2814E-17,0.0000E+00)  (1.0563E-16,0.0000E+00)
(-1.0042E-17,0.0000E+00)  (-1.0042E-17,0.0000E+00)  (2.0085E-17,0.0000E+00)
(4.4162E-20,0.0000E+00)  (4.4162E-20,0.0000E+00)  (-8.8323E-20,0.0000E+00)
(3.3896E-19,0.0000E+00)  (3.3896E-19,0.0000E+00)  (-6.7792E-19,0.0000E+00)
(4.4987E-20,0.0000E+00)  (4.4987E-20,0.0000E+00)  (-8.9974E-20,0.0000E+00)
(1.0717E-21,0.0000E+00)  (1.0717E-21,0.0000E+00)  (-2.1434E-21,0.0000E+00)
(-1.1261E-22,0.0000E+00)  (-1.1261E-22,0.0000E+00)  (2.2523E-22,0.0000E+00)
(-4.8775E-24,0.0000E+00)  (-4.8775E-24,0.0000E+00)  (9.7551E-24,0.0000E+00)
(2.6107E-26,0.0000E+00)  (2.6107E-26,0.0000E+00)  (-5.2215E-26,0.0000E+00)
(2.2848E-27,0.0000E+00)  (2.2848E-27,0.0000E+00)  (-4.5695E-27,0.0000E+00)
(3.2259E-30,0.0000E+00)  (3.2259E-30,0.0000E+00)  (-6.4517E-30,0.0000E+00)
(-2.3388E-31,0.0000E+00)  (-2.3388E-31,0.0000E+00)  (4.6777E-31,0.0000E+00)
(-2.9035E-34,0.0000E+00)  (-2.9035E-34,0.0000E+00)  (5.8071E-34,0.0000E+00)
(6.0656E-36,0.0000E+00)  (6.0656E-36,0.0000E+00)  (-1.2131E-35,0.0000E+00)
(2.0081E-39,0.0000E+00)  (2.0081E-39,0.0000E+00)  (-4.0162E-39,0.0000E+00)
(-3.9719E-41,0.0000E+00)  (-3.9719E-41,0.0000E+00)  (7.9439E-41,0.0000E+00)
(7.8454E-45,0.0000E+00)  (7.8454E-45,0.0000E+00)  (-1.5691E-44,0.0000E+00)
(6.1058E-47,0.0000E+00)  (6.1058E-47,0.0000E+00)  (-1.2212E-46,0.0000E+00)
(-2.2498E-50,0.0000E+00)  (-2.2498E-50,0.0000E+00)  (4.4997E-50,0.0000E+00)
(-1.9549E-53,0.0000E+00)  (-1.9549E-53,0.0000E+00)  (3.9098E-53,0.0000E+00)
(7.7531E-57,0.0000E+00)  (7.7531E-57,0.0000E+00)  (-1.5506E-56,0.0000E+00)
(9.4765E-61,0.0000E+00)  (9.4765E-61,0.0000E+00)  (-1.8953E-60,0.0000E+00)
(7.7531E-57,0.0000E+00)  (7.7531E-57,0.0000E+00)  (-1.5506E-56,0.0000E+00)
(-1.9549E-53,0.0000E+00)  (-1.9549E-53,0.0000E+00)  (3.9098E-53,0.0000E+00)
(-2.2498E-50,0.0000E+00)  (-2.2498E-50,0.0000E+00)  (4.4997E-50,0.0000E+00)
(6.1058E-47,0.0000E+00)  (6.1058E-47,0.0000E+00)  (-1.2212E-46,0.0000E+00)
(7.8454E-45,0.0000E+00)  (7.8454E-45,0.0000E+00)  (-1.5691E-44,0.0000E+00)
(-3.9719E-41,0.0000E+00)  (-3.9719E-41,0.0000E+00)  (7.9439E-41,0.0000E+00)
(2.0081E-39,0.0000E+00)  (2.0081E-39,0.0000E+00)  (-4.0162E-39,0.0000E+00)
(6.0656E-36,0.0000E+00)  (6.0656E-36,0.0000E+00)  (-1.2131E-35,0.0000E+00)
(-2.9035E-34,0.0000E+00)  (-2.9035E-34,0.0000E+00)  (5.8071E-34,0.0000E+00)
(-2.3388E-31,0.0000E+00)  (-2.3388E-31,0.0000E+00)  (4.6777E-31,0.0000E+00)
(3.2259E-30,0.0000E+00)  (3.2259E-30,0.0000E+00)  (-6.4517E-30,0.0000E+00)
(2.2848E-27,0.0000E+00)  (2.2848E-27,0.0000E+00)  (-4.5695E-27,0.0000E+00)
(2.6107E-26,0.0000E+00)  (2.6107E-26,0.0000E+00)  (-5.2215E-26,0.0000E+00)
(-4.8775E-24,0.0000E+00)  (-4.8775E-24,0.0000E+00)  (9.7551E-24,0.0000E+00)
(-1.1261E-22,0.0000E+00)  (-1.1261E-22,0.0000E+00)  (2.2523E-22,0.0000E+00)
(1.0717E-21,0.0000E+00)  (1.0717E-21,0.0000E+00)  (-2.1434E-21,0.0000E+00)
(4.4987E-20,0.0000E+00)  (4.4987E-20,0.0000E+00)  (-8.9974E-20,0.0000E+00)
(3.3896E-19,0.0000E+00)  (3.3896E-19,0.0000E+00)  (-6.7792E-19,0.0000E+00)
(4.4162E-20,0.0000E+00)  (4.4162E-20,0.0000E+00)  (-8.8323E-20,0.0000E+00)
(-1.0042E-17,0.0000E+00)  (-1.0042E-17,0.0000E+00)  (2.0085E-17,0.0000E+00)
(-5.2814E-17,0.0000E+00)  (-5.2814E-17,0.0000E+00)  (1.0563E-16,0.0000E+00)
(-1.3766E-16,0.0000E+00)  (-1.3766E-16,0.0000E+00)  (2.7531E-16,0.0000E+00)
(-2.2666E-16,0.0000E+00)  (-2.2666E-16,0.0000E+00)  (4.5331E-16,0.0000E+00)
(3.7069E-19,0.0000E+00)  (3.7069E-19,0.0000E+00)  (-7.4138E-19,0.0000E+00)
(4.4972E-19,0.0000E+00)  (4.4972E-19,0.0000E+00)  (-8.9944E-19,0.0000E+00)
(4.9742E-19,0.0000E+00)  (4.9742E-19,0.0000E+00)  (-9.9483E-19,0.0000E+00)
(3.3896E-19,0.0000E+00)  (3.3896E-19,0.0000E+00)  (-6.7792E-19,0.0000E+00)
(1.2911E-19,0.0000E+00)  (1.2911E-19,0.0000E+00)  (-2.5823E-19,0.0000E+00)
(2.4775E-20,0.0000E+00)  (2.4775E-20,0.0000E+00)  (-4.9550E-20,0.0000E+00)
(1.5224E-21,0.0000E+00)  (1.5224E-21,0.0000E+00)  (-3.0449E-21,0.0000E+00)
(-1.7176E-22,0.0000E+00)  (-1.7176E-22,0.0000E+00)  (3.4352E-22,0.0000E+00)
(-2.6557E-23,0.0000E+00)  (-2.6557E-23,0.0000E+00)  (5.3113E-23,0.0000E+00)
(-7.5406E-25,0.0000E+00)  (-7.5406E-25,0.0000E+00)  (1.5081E-24,0.0000E+00)
(2.4564E-26,0.0000E+00)  (2.4564E-26,0.0000E+00)  (-4.9128E-26,0.0000E+00)
(1.0944E-27,0.0000E+00)  (1.0944E-27,0.0000E+00)  (-2.1889E-27,0.0000E+00)
(6.2683E-32,0.0000E+00)  (6.2683E-32,0.0000E+00)  (-1.2537E-31,0.0000E+00)
(-2.3388E-31,0.0000E+00)  (-2.3388E-31,0.0000E+00)  (4.6777E-31,0.0000E+00)
(-6.2134E-34,0.0000E+00)  (-6.2134E-34,0.0000E+00)  (1.2427E-33,0.0000E+00)
(1.1569E-35,0.0000E+00)  (1.1569E-35,0.0000E+00)  (-2.3138E-35,0.0000E+00)
(2.0880E-38,0.0000E+00)  (2.0880E-38,0.0000E+00)  (-4.1759E-38,0.0000E+00)
(-1.5026E-40,0.0000E+00)  (-1.5026E-40,0.0000E+00)  (3.0052E-40,0.0000E+00)
(-1.1031E-43,0.0000E+00)  (-1.1031E-43,0.0000E+00)  (2.2062E-43,0.0000E+00)
(5.1021E-46,0.0000E+00)  (5.1021E-46,0.0000E+00)  (-1.0204E-45,0.0000E+00)
(6.0192E-50,0.0000E+00)  (6.0192E-50,0.0000E+00)  (-1.2038E-49,0.0000E+00)
(-4.2230E-52,0.0000E+00)  (-4.2230E-52,0.0000E+00)  (8.4460E-52,0.0000E+00)
(4.9509E-56,0.0000E+00)  (4.9509E-56,0.0000E+00)  (-9.9018E-56,0.0000E+00)
(7.7513E-59,0.0000E+00)  (7.7513E-59,0.0000E+00)  (-1.5503E-58,0.0000E+00)
(-1.3567E-62,0.0000E+00)  (-1.3567E-62,0.0000E+00)  (2.7134E-62,0.0000E+00)
(7.7513E-59,0.0000E+00)  (7.7513E-59,0.0000E+00)  (-1.5503E-58,0.0000E+00)
(4.9509E-56,0.0000E+00)  (4.9509E-56,0.0000E+00)  (-9.9018E-56,0.0000E+00)
(-4.2230E-52,0.0000E+00)  (-4.2230E-52,0.0000E+00)  (8.4460E-52,0.0000E+00)
(6.0192E-50,0.0000E+00)  (6.0192E-50,0.0000E+00)  (-1.2038E-49,0.0000E+00)
(5.1021E-46,0.0000E+00)  (5.1021E-46,0.0000E+00)  (-1.0204E-45,0.0000E+00)
(-1.1031E-43,0.0000E+00)  (-1.1031E-43,0.0000E+00)  (2.2062E-43,0.0000E+00)
(-1.5026E-40,0.0000E+00)  (-1.5026E-40,0.0000E+00)  (3.0052E-40,0.0000E+00)
(2.0880E-38,0.0000E+00)  (2.0880E-38,0.0000E+00)  (-4.1759E-38,0.0000E+00)
(1.1569E-35,0.0000E+00)  (1.1569E-35,0.0000E+00)  (-2.3138E-35,0.0000E+00)
(-6.2134E-34,0.0000E+00)  (-6.2134E-34,0.0000E+00)  (1.2427E-33,0.0000E+00)
(-2.3388E-31,0.0000E+00)  (-2.3388E-31,0.0000E+00)  (4.6777E-31,0.0000E+00)
(6.2683E-32,0.0000E+00)  (6.2683E-32,0.0000E+00)  (-1.2537E-31,0.0000E+00)
(1.0944E-27,0.0000E+00)  (1.0944E-27,0.0000E+00)  (-2.1889E-27,0.0000E+00)
(2.4564E-26,0.0000E+00)  (2.4564E-26,0.0000E+00)  (-4.9128E-26,0.0000E+00)
(-7.5406E-25,0.0000E+00)  (-7.5406E-25,0.0000E+00)  (1.5081E-24,0.0000E+00)
(-2.6557E-23,0.0000E+00)  (-2.6557E-23,0.0000E+00)  (5.3113E-23,0.0000E+00)
(-1.7176E-22,0.0000E+00)  (-1.7176E-22,0.0000E+00)  (3.4352E-22,0.0000E+00)
(1.5224E-21,0.0000E+00)  (1.5224E-21,0.0000E+00)  (-3.0449E-21,0.0000E+00)
(2.4775E-20,0.0000E+00)  (2.4775E-20,0.0000E+00)  (-4.9550E-20,0.0000E+00)
(1.2911E-19,0.0000E+00)  (1.2911E-19,0.0000E+00)  (-2.5823E-19,0.0000E+00)
(3.3896E-19,0.0000E+00)  (3.3896E-19,0.0000E+00)  (-6.7792E-19,0.0000E+00)
(4.9742E-19,0.0000E+00)  (4.9742E-19,0.0000E+00)  (-9.9483E-19,0.0000E+00)
(4.4972E-19,0.0000E+00)  (4.4972E-19,0.0000E+00)  (-8.9944E-19,0.0000E+00)
(1.0296E-20,0.0000E+00)  (1.0296E-20,0.0000E+00)  (-2.0591E-20,0.0000E+00)
(8.1194E-21,0.0000E+00)  (8.1194E-21,0.0000E+00)  (-1.6239E-20,0.0000E+00)
(3.7567E-21,0.0000E+00)  (3.7567E-21,0.0000E+00)  (-7.5133E-21,0.0000E+00)
(7.2344E-22,0.0000E+00)  (7.2344E-22,0.0000E+00)  (-1.4469E-21,0.0000E+00)
(-1.5384E-22,0.0000E+00)  (-1.5384E-22,0.0000E+00)  (3.0769E-22,0.0000E+00)
(-1.1261E-22,0.0000E+00)  (-1.1261E-22,0.0000E+00)  (2.2523E-22,0.0000E+00)
(-2.2373E-23,0.0000E+00)  (-2.2373E-23,0.0000E+00)  (4.4747E-23,0.0000E+00)
(-1.6047E-24,0.0000E+00)  (-1.6047E-24,0.0000E+00)  (3.2094E-24,0.0000E+00)
(2.1582E-26,0.0000E+00)  (2.1582E-26,0.0000E+00)  (-4.3163E-26,0.0000E+00)
(7.2233E-27,0.0000E+00)  (7.2233E-27,0.0000E+00)  (-1.4447E-26,0.0000E+00)
(2.0853E-28,0.0000E+00)  (2.0853E-28,0.0000E+00)  (-4.1707E-28,0.0000E+00)
(-2.2242E-30,0.0000E+00)  (-2.2242E-30,0.0000E+00)  (4.4485E-30,0.0000E+00)
(-1.1755E-31,0.0000E+00)  (-1.1755E-31,0.0000E+00)  (2.3509E-31,0.0000E+00)
(-2.9035E-34,0.0000E+00)  (-2.9035E-34,0.0000E+00)  (5.8071E-34,0.0000E+00)
(1.1569E-35,0.0000E+00)  (1.1569E-35,0.0000E+00)  (-2.3138E-35,0.0000E+00)
(3.6388E-38,0.0000E+00)  (3.6388E-38,0.0000E+00)  (-7.2776E-38,0.0000E+00)
(-2.7497E-40,0.0000E+00)  (-2.7497E-40,0.0000E+00)  (5.4993E-40,0.0000E+00)
(-5.6050E-43,0.0000E+00)  (-5.6050E-43,0.0000E+00)  (1.1210E-42,0.0000E+00)
(1.7776E-45,0.0000E+00)  (1.7776E-45,0.0000E+00)  (-3.5552E-45,0.0000E+00)
(1.6544E-48,0.0000E+00)  (1.6544E-48,0.0000E+00)  (-3.3088E-48,0.0000E+00)
(-3.1137E-51,0.0000E+00)  (-3.1137E-51,0.0000E+00)  (6.2274E-51,0.0000E+00)
(-8.7790E-55,0.0000E+00)  (-8.7790E-55,0.0000E+00)  (1.7558E-54,0.0000E+00)
(1.3726E-57,0.0000E+00)  (1.3726E-57,0.0000E+00)  (-2.7452E-57,0.0000E+00)
(1.9347E-62,0.0000E+00)  (1.9347E-62,0.0000E+00)  (-3.8695E-62,0.0000E+00)
(-1.3949E-64,0.0000E+00)  (-1.3949E-64,0.0000E+00)  (2.7898E-64,0.0000E+00)
(1.9347E-62,0.0000E+00)  (1.9347E-62,0.0000E+00)  (-3.8695E-62,0.0000E+00)
(1.3726E-57,0.0000E+00)  (1.3726E-57,0.0000E+00)  (-2.7452E-57,0.0000E+00)
(-8.7790E-55,0.0000E+00)  (-8.7790E-55,0.0000E+00)  (1.7558E-54,0.0000E+00)
(-3.1137E-51,0.0000E+00)  (-3.1137E-51,0.0000E+00)  (6.2274E-51,0.0000E+00)
(1.6544E-48,0.0000E+00)  (1.6544E-48,0.0000E+00)  (-3.3088E-48,0.0000E+00)
(1.7776E-45,0.0000E+00)  (1.7776E-45,0.0000E+00)  (-3.5552E-45,0.0000E+00)
(-5.6050E-43,0.0000E+00)  (-5.6050E-43,0.0000E+00)  (1.1210E-42,0.0000E+00)
(-2.7497E-40,0.0000E+00)  (-2.7497E-40,0.0000E+00)  (5.4993E-40,0.0000E+00)
(3.6388E-38,0.0000E+00)  (3.6388E-38,0.0000E+00)  (-7.2776E-38,0.0000E+00)
(1.1569E-35,0.0000E+00)  (1.1569E-35,0.0000E+00)  (-2.3138E-35,0.0000E+00)
(-2.9035E-34,0.0000E+00)  (-2.9035E-34,0.0000E+00)  (5.8071E-34,0.0000E+00)
(-1.1755E-31,0.0000E+00)  (-1.1755E-31,0.0000E+00)  (2.3509E-31,0.0000E+00)
(-2.2242E-30,0.0000E+00)  (-2.2242E-30,0.0000E+00)  (4.4485E-30,0.0000E+00)
(2.0853E-28,0.0000E+00)  (2.0853E-28,0.0000E+00)  (-4.1707E-28,0.0000E+00)
(7.2233E-27,0.0000E+00)  (7.2233E-27,0.0000E+00)  (-1.4447E-26,0.0000E+00)
(2.1582E-26,0.0000E+00)  (2.1582E-26,0.0000E+00)  (-4.3163E-26,0.0000E+00)
(-1.6047E-24,0.0000E+00)  (-1.6047E-24,0.0000E+00)  (3.2094E-24,0.0000E+00)
(-2.2373E-23,0.0000E+00)  (-2.2373E-23,0.0000E+00)  (4.4747E-23,0.0000E+00)
(-1.1261E-22,0.0000E+00)  (-1.1261E-22,0.0000E+00)  (2.2523E-22,0.0000E+00)
(-1.5384E-22,0.0000E+00)  (-1.5384E-22,0.0000E+00)  (3.0769E-22,0.0000E+00)
(7.2344E-22,0.0000E+00)  (7.2344E-22,0.0000E+00)  (-1.4469E-21,0.0000E+00)
(3.7567E-21,0.0000E+00)  (3.7567E-21,0.0000E+00)  (-7.5133E-21,0.0000E+00)
(8.1194E-21,0.0000E+00)  (8.1194E-21,0.0000E+00)  (-1.6239E-20,0.0000E+00)
(-5.0458E-23,0.0000E+00)  (-5.0458E-23,0.0000E+00)  (1.0092E-22,0.0000E+00)
(-4.3274E-23,0.0000E+00)  (-4.3274E-23,0.0000E+00)  (8.6548E-23,0.0000E+00)
(-2.6557E-23,0.0000E+00)  (-2.6557E-23,0.0000E+00)  (5.3113E-23,0.0000E+00)
(-1.0812E-23,0.0000E+00)  (-1.0812E-23,0.0000E+00)  (2.1623E-23,0.0000E+00)
(-2.5494E-24,0.0000E+00)  (-2.5494E-24,0.0000E+00)  (5.0988E-24,0.0000E+00)
(-2.2799E-25,0.0000E+00)  (-2.2799E-25,0.0000E+00)  (4.5599E-25,0.0000E+00)
(2.9346E-26,0.0000E+00)  (2.9346E-26,0.0000E+00)  (-5.8693E-26,0.0000E+00)
(8.3819E-27,0.0000E+00)  (8.3819E-27,0.0000E+00)  (-1.6764E-26,0.0000E+00)
(6.0669E-28,0.0000E+00)  (6.0669E-28,0.0000E+00)  (-1.2134E-27,0.0000E+00)
(5.7074E-30,0.0000E+00)  (5.7074E-30,0.0000E+00)  (-1.1415E-29,0.0000E+00)
(-9.0395E-31,0.0000E+00)  (-9.0395E-31,0.0000E+00)  (1.8079E-30,0.0000E+00)
(-2.5691E-32,0.0000E+00)  (-2.5691E-32,0.0000E+00)  (5.1383E-32,0.0000E+00)
(5.5573E-35,0.0000E+00)  (5.5573E-35,0.0000E+00)  (-1.1115E-34,0.0000E+00)
(6.0656E-36,0.0000E+00)  (6.0656E-36,0.0000E+00)  (-1.2131E-35,0.0000E+00)
(2.0880E-38,0.0000E+00)  (2.0880E-38,0.0000E+00)  (-4.1759E-38,0.0000E+00)
(-2.7497E-40,0.0000E+00)  (-2.7497E-40,0.0000E+00)  (5.4993E-40,0.0000E+00)
(-9.0021E-43,0.0000E+00)  (-9.0021E-43,0.0000E+00)  (1.8004E-42,0.0000E+00)
(3.1072E-45,0.0000E+00)  (3.1072E-45,0.0000E+00)  (-6.2143E-45,0.0000E+00)
(6.6225E-48,0.0000E+00)  (6.6225E-48,0.0000E+00)  (-1.3245E-47,0.0000E+00)
(-9.9259E-51,0.0000E+00)  (-9.9259E-51,0.0000E+00)  (1.9852E-50,0.0000E+00)
(-1.0278E-53,0.0000E+00)  (-1.0278E-53,0.0000E+00)  (2.0556E-53,0.0000E+00)
(8.9623E-57,0.0000E+00)  (8.9623E-57,0.0000E+00)  (-1.7925E-56,0.0000E+00)
(3.3183E-60,0.0000E+00)  (3.3183E-60,0.0000E+00)  (-6.6367E-60,0.0000E+00)
(-2.1000E-63,0.0000E+00)  (-2.1000E-63,0.0000E+00)  (4.2000E-63,0.0000E+00)
(-1.7635E-67,0.0000E+00)  (-1.7635E-67,0.0000E+00)  (3.5269E-67,0.0000E+00)
(-2.1000E-63,0.0000E+00)  (-2.1000E-63,0.0000E+00)  (4.2000E-63,0.0000E+00)
(3.3183E-60,0.0000E+00)  (3.3183E-60,0.0000E+00)  (-6.6367E-60,0.0000E+00)
(8.9623E-57,0.0000E+00)  (8.9623E-57,0.0000E+00)  (-1.7925E-56,0.0000E+00)
(-1.0278E-53,0.0000E+00)  (-1.0278E-53,0.0000E+00)  (2.0556E-53,0.0000E+00)
(-9.9259E-51,0.0000E+00)  (-9.9259E-51,0.0000E+00)  (1.9852E-50,0.0000E+00)
(6.6225E-48,0.0000E+00)  (6.6225E-48,0.0000E+00)  (-1.3245E-47,0.0000E+00)
(3.1072E-45,0.0000E+00)  (3.1072E-45,0.0000E+00)  (-6.2143E-45,0.0000E+00)
(-9.0021E-43,0.0000E+00)  (-9.0021E-43,0.0000E+00)  (1.8004E-42,0.0000E+00)
(-2.7497E-40,0.0000E+00)  (-2.7497E-40,0.0000E+00)  (5.4993E-40,0.0000E+00)
(2.0880E-38,0.0000E+00)  (2.0880E-38,0.0000E+00)  (-4.1759E-38,0.0000E+00)
(6.0656E-36,0.0000E+00)  (6.0656E-36,0.0000E+00)  (-1.2131E-35,0.0000E+00)
(5.5573E-35,0.0000E+00)  (5.5573E-35,0.0000E+00)  (-1.1115E-34,0.0000E+00)
(-2.5691E-32,0.0000E+00)  (-2.5691E-32,0.0000E+00)  (5.1383E-32,0.0000E+00)
(-9.0395E-31,0.0000E+00)  (-9.0395E-31,0.0000E+00)  (1.8079E-30,0.0000E+00)
(5.7074E-30,0.0000E+00)  (5.7074E-30,0.0000E+00)  (-1.1415E-29,0.0000E+00)
(6.0669E-28,0.0000E+00)  (6.0669E-28,0.0000E+00)  (-1.2134E-27,0.0000E+00)
(8.3819E-27,0.0000E+00)  (8.3819E-27,0.0000E+00)  (-1.6764E-26,0.0000E+00)
(2.9346E-26,0.0000E+00)  (2.9346E-26,0.0000E+00)  (-5.8693E-26,0.0000E+00)
(-2.2799E-25,0.0000E+00)  (-2.2799E-25,0.0000E+00)  (4.5599E-25,0.0000E+00)
(-2.5494E-24,0.0000E+00)  (-2.5494E-24,0.0000E+00)  (5.0988E-24,0.0000E+00)
(-1.0812E-23,0.0000E+00)  (-1.0812E-23,0.0000E+00)  (2.1623E-23,0.0000E+00)
(-2.6557E-23,0.0000E+00)  (-2.6557E-23,0.0000E+00)  (5.3113E-23,0.0000E+00)
(-4.3274E-23,0.0000E+00)  (-4.3274E-23,0.0000E+00)  (8.6548E-23,0.0000E+00)
(2.1582E-26,0.0000E+00)  (2.1582E-26,0.0000E+00)  (-4.3163E-26,0.0000E+00)
(2.6107E-26,0.0000E+00)  (2.6107E-26,0.0000E+00)  (-5.2215E-26,0.0000E+00)
(2.9067E-26,0.0000E+00)  (2.9067E-26,0.0000E+00)  (-5.8134E-26,0.0000E+00)
(2.0423E-26,0.0000E+00)  (2.0423E-26,0.0000E+00)  (-4.0847E-26,0.0000E+00)
(8.3819E-27,0.0000E+00)  (8.3819E-27,0.0000E+00)  (-1.6764E-26,0.0000E+00)
(1.9107E-27,0.0000E+00)  (1.9107E-27,0.0000E+00)  (-3.8215E-27,0.0000E+00)
(2.0853E-28,0.0000E+00)  (2.0853E-28,0.0000E+00)  (-4.1707E-28,0.0000E+00)
(3.2259E-30,0.0000E+00)  (3.2259E-30,0.0000E+00)  (-6.4517E-30,0.0000E+00)
(-1.3077E-30,0.0000E+00)  (-1.3077E-30,0.0000E+00)  (2.6155E-30,0.0000E+00)
(-9.8241E-32,0.0000E+00)  (-9.8241E-32,0.0000E+00)  (1.9648E-31,0.0000E+00)
(-1.5624E-33,0.0000E+00)  (-1.5624E-33,0.0000E+00)  (3.1249E-33,0.0000E+00)
(5.0759E-35,0.0000E+00)  (5.0759E-35,0.0000E+00)  (-1.0152E-34,0.0000E+00)
(1.4698E-36,0.0000E+00)  (1.4698E-36,0.0000E+00)  (-2.9396E-36,0.0000E+00)
(2.0081E-39,0.0000E+00)  (2.0081E-39,0.0000E+00)  (-4.0162E-39,0.0000E+00)
(-1.5026E-40,0.0000E+00)  (-1.5026E-40,0.0000E+00)  (3.0052E-40,0.0000E+00)
(-5.6050E-43,0.0000E+00)  (-5.6050E-43,0.0000E+00)  (1.1210E-42,0.0000E+00)
(3.1072E-45,0.0000E+00)  (3.1072E-45,0.0000E+00)  (-6.2143E-45,0.0000E+00)
(1.0168E-47,0.0000E+00)  (1.0168E-47,0.0000E+00)  (-2.0335E-47,0.0000E+00)
(-1.6357E-50,0.0000E+00)  (-1.6357E-50,0.0000E+00)  (3.2715E-50,0.0000E+00)
(-3.6242E-53,0.0000E+00)  (-3.6242E-53,0.0000E+00)  (7.2484E-53,0.0000E+00)
(2.5534E-56,0.0000E+00)  (2.5534E-56,0.0000E+00)  (-5.1068E-56,0.0000E+00)
(2.8901E-59,0.0000E+00)  (2.8901E-59,0.0000E+00)  (-5.7803E-59,0.0000E+00)
(-1.1950E-62,0.0000E+00)  (-1.1950E-62,0.0000E+00)  (2.3900E-62,0.0000E+00)
(-5.1447E-66,0.0000E+00)  (-5.1447E-66,0.0000E+00)  (1.0289E-65,0.0000E+00)
(1.5013E-69,0.0000E+00)  (1.5013E-69,0.0000E+00)  (-3.0025E-69,0.0000E+00)
(-5.1447E-66,0.0000E+00)  (-5.1447E-66,0.0000E+00)  (1.0289E-65,0.0000E+00)
(-1.1950E-62,0.0000E+00)  (-1.1950E-62,0.0000E+00)  (2.3900E-62,0.0000E+00)
(2.8901E-59,0.0000E+00)  (2.8901E-59,0.0000E+00)  (-5.7803E-59,0.0000E+00)
(2.5534E-56,0.0000E+00)  (2.5534E-56,0.0000E+00)  (-5.1068E-56,0.0000E+00)
(-3.6242E-53,0.0000E+00)  (-3.6242E-53,0.0000E+00)  (7.2484E-53,0.0000E+00)
(-1.6357E-50,0.0000E+00)  (-1.6357E-50,0.0000E+00)  (3.2715E-50,0.0000E+00)
(1.0168E-47,0.0000E+00)  (1.0168E-47,0.0000E+00)  (-2.0335E-47,0.0000E+00)
(3.1072E-45,0.0000E+00)  (3.1072E-45,0.0000E+00)  (-6.2143E-45,0.0000E+00)
(-5.6050E-43,0.0000E+00)  (-5.6050E-43,0.0000E+00)  (1.1210E-42,0.0000E+00)
(-1.5026E-40,0.0000E+00)  (-1.5026E-40,0.0000E+00)  (3.0052E-40,0.0000E+00)
(2.0081E-39,0.0000E+00)  (2.0081E-39,0.0000E+00)  (-4.0162E-39,0.0000E+00)
(1.4698E-36,0.0000E+00)  (1.4698E-36,0.0000E+00)  (-2.9396E-36,0.0000E+00)
(5.0759E-35,0.0000E+00)  (5.0759E-35,0.0000E+00)  (-1.0152E-34,0.0000E+00)
(-1.5624E-33,0.0000E+00)  (-1.5624E-33,0.0000E+00)  (3.1249E-33,0.0000E+00)
(-9.8241E-32,0.0000E+00)  (-9.8241E-32,0.0000E+00)  (1.9648E-31,0.0000E+00)
(-1.3077E-30,0.0000E+00)  (-1.3077E-30,0.0000E+00)  (2.6155E-30,0.0000E+00)
(3.2259E-30,0.0000E+00)  (3.2259E-30,0.0000E+00)  (-6.4517E-30,0.0000E+00)
(2.0853E-28,0.0000E+00)  (2.0853E-28,0.0000E+00)  (-4.1707E-28,0.0000E+00)
(1.9107E-27,0.0000E+00)  (1.9107E-27,0.0000E+00)  (-3.8215E-27,0.0000E+00)
(8.3819E-27,0.0000E+00)  (8.3819E-27,0.0000E+00)  (-1.6764E-26,0.0000E+00)
(2.0423E-26,0.0000E+00)  (2.0423E-26,0.0000E+00)  (-4.0847E-26,0.0000E+00)
(2.9067E-26,0.0000E+00)  (2.9067E-26,0.0000E+00)  (-5.8134E-26,0.0000E+00)
(2.6107E-26,0.0000E+00)  (2.6107E-26,0.0000E+00)  (-5.2215E-26,0.0000E+00)
(2.6072E-28,0.0000E+00)  (2.6072E-28,0.0000E+00)  (-5.2143E-28,0.0000E+00)
(2.0853E-28,0.0000E+00)  (2.0853E-28,0.0000E+00)  (-4.1707E-28,0.0000E+00)
(1.0282E-28,0.0000E+00)  (1.0282E-28,0.0000E+00)  (-2.0564E-28,0.0000E+00)
(2.6176E-29,0.0000E+00)  (2.6176E-29,0.0000E+00)  (-5.2352E-29,0.0000E+00)
(6.2683E-32,0.0000E+00)  (6.2683E-32,0.0000E+00)  (-1.2537E-31,0.0000E+00)
(-1.9219E-30,0.0000E+00)  (-1.9219E-30,0.0000E+00)  (3.8439E-30,0.0000E+00)
(-5.1480E-31,0.0000E+00)  (-5.1480E-31,0.0000E+00)  (1.0296E-30,0.0000E+00)
(-5.6338E-32,0.0000E+00)  (-5.6338E-32,0.0000E+00)  (1.1268E-31,0.0000E+00)
(-2.0563E-33,0.0000E+00)  (-2.0563E-33,0.0000E+00)  (4.1126E-33,0.0000E+00)
(7.5369E-35,0.0000E+00)  (7.5369E-35,0.0000E+00)  (-1.5074E-34,0.0000E+00)
(7.1579E-36,0.0000E+00)  (7.1579E-36,0.0000E+00)  (-1.4316E-35,0.0000E+00)
(1.2417E-37,0.0000E+00)  (1.2417E-37,0.0000E+00)  (-2.4833E-37,0.0000E+00)
(-1.1805E-39,0.0000E+00)  (-1.1805E-39,0.0000E+00)  (2.3611E-39,0.0000E+00)
(-3.9719E-41,0.0000E+00)  (-3.9719E-41,0.0000E+00)  (7.9439E-41,0.0000E+00)
(-1.1031E-43,0.0000E+00)  (-1.1031E-43,0.0000E+00)  (2.2062E-43,0.0000E+00)
(1.7776E-45,0.0000E+00)  (1.7776E-45,0.0000E+00)  (-3.5552E-45,0.0000E+00)
(6.6225E-48,0.0000E+00)  (6.6225E-48,0.0000E+00)  (-1.3245E-47,0.0000E+00)
(-1.6357E-50,0.0000E+00)  (-1.6357E-50,0.0000E+00)  (3.2715E-50,0.0000E+00)
(-5.4036E-53,0.0000E+00)  (-5.4036E-53,0.0000E+00)  (1.0807E-52,0.0000E+00)
(3.8368E-56,0.0000E+00)  (3.8368E-56,0.0000E+00)  (-7.6736E-56,0.0000E+00)
(9.3888E-59,0.0000E+00)  (9.3888E-59,0.0000E+00)  (-1.8778E-58,0.0000E+00)
(-2.8568E-62,0.0000E+00)  (-2.8568E-62,0.0000E+00)  (5.7136E-62,0.0000E+00)
(-3.8023E-65,0.0000E+00)  (-3.8023E-65,0.0000E+00)  (7.6045E-65,0.0000E+00)
(7.0759E-69,0.0000E+00)  (7.0759E-69,0.0000E+00)  (-1.4152E-68,0.0000E+00)
(3.5911E-72,0.0000E+00)  (3.5911E-72,0.0000E+00)  (-7.1821E-72,0.0000E+00)
(7.0759E-69,0.0000E+00)  (7.0759E-69,0.0000E+00)  (-1.4152E-68,0.0000E+00)
(-3.8023E-65,0.0000E+00)  (-3.8023E-65,0.0000E+00)  (7.6045E-65,0.0000E+00)
(-2.8568E-62,0.0000E+00)  (-2.8568E-62,0.0000E+00)  (5.7136E-62,0.0000E+00)
(9.3888E-59,0.0000E+00)  (9.3888E-59,0.0000E+00)  (-1.8778E-58,0.0000E+00)
(3.8368E-56,0.0000E+00)  (3.8368E-56,0.0000E+00)  (-7.6736E-56,0.0000E+00)
(-5.4036E-53,0.0000E+00)  (-5.4036E-53,0.0000E+00)  (1.0807E-52,0.0000E+00)
(-1.6357E-50,0.0000E+00)  (-1.6357E-50,0.0000E+00)  (3.2715E-50,0.0000E+00)
(6.6225E-48,0.0000E+00)  (6.6225E-48,0.0000E+00)  (-1.3245E-47,0.0000E+00)
(1.7776E-45,0.0000E+00)  (1.7776E-45,0.0000E+00)  (-3.5552E-45,0.0000E+00)
(-1.1031E-43,0.0000E+00)  (-1.1031E-43,0.0000E+00)  (2.2062E-43,0.0000E+00)
(-3.9719E-41,0.0000E+00)  (-3.9719E-41,0.0000E+00)  (7.9439E-41,0.0000E+00)
(-1.1805E-39,0.0000E+00)  (-1.1805E-39,0.0000E+00)  (2.3611E-39,0.0000E+00)
(1.2417E-37,0.0000E+00)  (1.2417E-37,0.0000E+00)  (-2.4833E-37,0.0000E+00)
(7.1579E-36,0.0000E+00)  (7.1579E-36,0.0000E+00)  (-1.4316E-35,0.0000E+00)
(7.5369E-35,0.0000E+00)  (7.5369E-35,0.0000E+00)  (-1.5074E-34,0.0000E+00)
(-2.0563E-33,0.0000E+00)  (-2.0563E-33,0.0000E+00)  (4.1126E-33,0.0000E+00)
(-5.6338E-32,0.0000E+00)  (-5.6338E-32,0.0000E+00)  (1.1268E-31,0.0000E+00)
(-5.1480E-31,0.0000E+00)  (-5.1480E-31,0.0000E+00)  (1.0296E-30,0.0000E+00)
(-1.9219E-30,0.0000E+00)  (-1.9219E-30,0.0000E+00)  (3.8439E-30,0.0000E+00)
(6.2683E-32,0.0000E+00)  (6.2683E-32,0.0000E+00)  (-1.2537E-31,0.0000E+00)
(2.6176E-29,0.0000E+00)  (2.6176E-29,0.0000E+00)  (-5.2352E-29,0.0000E+00)
(1.0282E-28,0.0000E+00)  (1.0282E-28,0.0000E+00)  (-2.0564E-28,0.0000E+00)
(2.0853E-28,0.0000E+00)  (2.0853E-28,0.0000E+00)  (-4.1707E-28,0.0000E+00)
(-4.4269E-31,0.0000E+00)  (-4.4269E-31,0.0000E+00)  (8.8538E-31,0.0000E+00)
(-3.7932E-31,0.0000E+00)  (-3.7932E-31,0.0000E+00)  (7.5863E-31,0.0000E+00)
(-2.3388E-31,0.0000E+00)  (-2.3388E-31,0.0000E+00)  (4.6777E-31,0.0000E+00)
(-9.8241E-32,0.0000E+00)  (-9.8241E-32,0.0000E+00)  (1.9648E-31,0.0000E+00)
(-2.5691E-32,0.0000E+00)  (-2.5691E-32,0.0000E+00)  (5.1383E-32,0.0000E+00)
(-3.4491E-33,0.0000E+00)  (-3.4491E-33,0.0000E+00)  (6.8981E-33,0.0000E+00)
(-3.8731E-35,0.0000E+00)  (-3.8731E-35,0.0000E+00)  (7.7462E-35,0.0000E+00)
(5.0759E-35,0.0000E+00)  (5.0759E-35,0.0000E+00)  (-1.0152E-34,0.0000E+00)
(6.0656E-36,0.0000E+00)  (6.0656E-36,0.0000E+00)  (-1.2131E-35,0.0000E+00)
(2.4178E-37,0.0000E+00)  (2.4178E-37,0.0000E+00)  (-4.8356E-37,0.0000E+00)
(-4.1572E-40,0.0000E+00)  (-4.1572E-40,0.0000E+00)  (8.3143E-40,0.0000E+00)
(-2.3746E-40,0.0000E+00)  (-2.3746E-40,0.0000E+00)  (4.7491E-40,0.0000E+00)
(-4.1008E-42,0.0000E+00)  (-4.1008E-42,0.0000E+00)  (8.2016E-42,0.0000E+00)
(7.8454E-45,0.0000E+00)  (7.8454E-45,0.0000E+00)  (-1.5691E-44,0.0000E+00)
(5.1021E-46,0.0000E+00)  (5.1021E-46,0.0000E+00)  (-1.0204E-45,0.0000E+00)
(1.6544E-48,0.0000E+00)  (1.6544E-48,0.0000E+00)  (-3.3088E-48,0.0000E+00)
(-9.9259E-51,0.0000E+00)  (-9.9259E-51,0.0000E+00)  (1.9852E-50,0.0000E+00)
(-3.6242E-53,0.0000E+00)  (-3.6242E-53,0.0000E+00)  (7.2484E-53,0.0000E+00)
(3.8368E-56,0.0000E+00)  (3.8368E-56,0.0000E+00)  (-7.6736E-56,0.0000E+00)
(1.3704E-58,0.0000E+00)  (1.3704E-58,0.0000E+00)  (-2.7408E-58,0.0000E+00)
(-3.5200E-62,0.0000E+00)  (-3.5200E-62,0.0000E+00)  (7.0400E-62,0.0000E+00)
(-1.1635E-64,0.0000E+00)  (-1.1635E-64,0.0000E+00)  (2.3270E-64,0.0000E+00)
(1.1434E-68,0.0000E+00)  (1.1434E-68,0.0000E+00)  (-2.2867E-68,0.0000E+00)
(2.3760E-71,0.0000E+00)  (2.3760E-71,0.0000E+00)  (-4.7520E-71,0.0000E+00)
(-1.6413E-75,0.0000E+00)  (-1.6413E-75,0.0000E+00)  (3.2825E-75,0.0000E+00)
(2.3760E-71,0.0000E+00)  (2.3760E-71,0.0000E+00)  (-4.7520E-71,0.0000E+00)
(1.1434E-68,0.0000E+00)  (1.1434E-68,0.0000E+00)  (-2.2867E-68,0.0000E+00)
(-1.1635E-64,0.0000E+00)  (-1.1635E-64,0.0000E+00)  (2.3270E-64,0.0000E+00)
(-3.5200E-62,0.0000E+00)  (-3.5200E-62,0.0000E+00)  (7.0400E-62,0.0000E+00)
(1.3704E-58,0.0000E+00)  (1.3704E-58,0.0000E+00)  (-2.7408E-58,0.0000E+00)
(3.8368E-56,0.0000E+00)  (3.8368E-56,0.0000E+00)  (-7.6736E-56,0.0000E+00)
(-3.6242E-53,0.0000E+00)  (-3.6242E-53,0.0000E+00)  (7.2484E-53,0.0000E+00)
(-9.9259E-51,0.0000E+00)  (-9.9259E-51,0.0000E+00)  (1.9852E-50,0.0000E+00)
(1.6544E-48,0.0000E+00)  (1.6544E-48,0.0000E+00)  (-3.3088E-48,0.0000E+00)
(5.1021E-46,0.0000E+00)  (5.1021E-46,0.0000E+00)  (-1.0204E-45,0.0000E+00)
(7.8454E-45,0.0000E+00)  (7.8454E-45,0.0000E+00)  (-1.5691E-44,0.0000E+00)
(-4.1008E-42,0.0000E+00)  (-4.1008E-42,0.0000E+00)  (8.2016E-42,0.0000E+00)
(-2.3746E-40,0.0000E+00)  (-2.3746E-40,0.0000E+00)  (4.7491E-40,0.0000E+00)
(-4.1572E-40,0.0000E+00)  (-4.1572E-40,0.0000E+00)  (8.3143E-40,0.0000E+00)
(2.4178E-37,0.0000E+00)  (2.4178E-37,0.0000E+00)  (-4.8356E-37,0.0000E+00)
(6.0656E-36,0.0000E+00)  (6.0656E-36,0.0000E+00)  (-1.2131E-35,0.0000E+00)
(5.0759E-35,0.0000E+00)  (5.0759E-35,0.0000E+00)  (-1.0152E-34,0.0000E+00)
(-3.8731E-35,0.0000E+00)  (-3.8731E-35,0.0000E+00)  (7.7462E-35,0.0000E+00)
(-3.4491E-33,0.0000E+00)  (-3.4491E-33,0.0000E+00)  (6.8981E-33,0.0000E+00)
(-2.5691E-32,0.0000E+00)  (-2.5691E-32,0.0000E+00)  (5.1383E-32,0.0000E+00)
(-9.8241E-32,0.0000E+00)  (-9.8241E-32,0.0000E+00)  (1.9648E-31,0.0000E+00)
(-2.3388E-31,0.0000E+00)  (-2.3388E-31,0.0000E+00)  (4.6777E-31,0.0000E+00)
(-3.7932E-31,0.0000E+00)  (-3.7932E-31,0.0000E+00)  (7.5863E-31,0.0000E+00)
(5.5573E-35,0.0000E+00)  (5.5573E-35,0.0000E+00)  (-1.1115E-34,0.0000E+00)
(6.8296E-35,0.0000E+00)  (6.8296E-35,0.0000E+00)  (-1.3659E-34,0.0000E+00)
(7.7777E-35,0.0000E+00)  (7.7777E-35,0.0000E+00)  (-1.5555E-34,0.0000E+00)
(5.6162E-35,0.0000E+00)  (5.6162E-35,0.0000E+00)  (-1.1232E-34,0.0000E+00)
(2.4183E-35,0.0000E+00)  (2.4183E-35,0.0000E+00)  (-4.8366E-35,0.0000E+00)
(6.0656E-36,0.0000E+00)  (6.0656E-36,0.0000E+00)  (-1.2131E-35,0.0000E+00)
(8.2752E-37,0.0000E+00)  (8.2752E-37,0.0000E+00)  (-1.6550E-36,0.0000E+00)
(4.7237E-38,0.0000E+00)  (4.7237E-38,0.0000E+00)  (-9.4473E-38,0.0000E+00)
(-1.1820E-39,0.0000E+00)  (-1.1820E-39,0.0000E+00)  (2.3641E-39,0.0000E+00)
(-2.7497E-40,0.0000E+00)  (-2.7497E-40,0.0000E+00)  (5.4993E-40,0.0000E+00)
(-1.1015E-41,0.0000E+00)  (-1.1015E-41,0.0000E+00)  (2.2030E-41,0.0000E+00)
(-7.9852E-44,0.0000E+00)  (-7.9852E-44,0.0000E+00)  (1.5970E-43,0.0000E+00)
(3.5408E-45,0.0000E+00)  (3.5408E-45,0.0000E+00)  (-7.0817E-45,0.0000E+00)
(6.1058E-47,0.0000E+00)  (6.1058E-47,0.0000E+00)  (-1.2212E-46,0.0000E+00)
(6.0192E-50,0.0000E+00)  (6.0192E-50,0.0000E+00)  (-1.2038E-49,0.0000E+00)
(-3.1137E-51,0.0000E+00)  (-3.1137E-51,0.0000E+00)  (6.2274E-51,0.0000E+00)
(-1.0278E-53,0.0000E+00)  (-1.0278E-53,0.0000E+00)  (2.0556E-53,0.0000E+00)
(2.5534E-56,0.0000E+00)  (2.5534E-56,0.0000E+00)  (-5.1068E-56,0.0000E+00)
(9.3888E-59,0.0000E+00)  (9.3888E-59,0.0000E+00)  (-1.8778E-58,0.0000E+00)
(-3.5200E-62,0.0000E+00)  (-3.5200E-62,0.0000E+00)  (7.0400E-62,0.0000E+00)
(-1.6699E-64,0.0000E+00)  (-1.6699E-64,0.0000E+00)  (3.3399E-64,0.0000E+00)
(4.6892E-69,0.0000E+00)  (4.6892E-69,0.0000E+00)  (-9.3784E-69,0.0000E+00)
(6.9311E-71,0.0000E+00)  (6.9311E-71,0.0000E+00)  (-1.3862E-70,0.0000E+00)
(4.8931E-76,0.0000E+00)  (4.8931E-76,0.0000E+00)  (-9.7863E-76,0.0000E+00)
(-7.1022E-78,0.0000E+00)  (-7.1022E-78,0.0000E+00)  (1.4204E-77,0.0000E+00)
(4.8931E-76,0.0000E+00)  (4.8931E-76,0.0000E+00)  (-9.7863E-76,0.0000E+00)
(6.9311E-71,0.0000E+00)  (6.9311E-71,0.0000E+00)  (-1.3862E-70,0.0000E+00)
(4.6892E-69,0.0000E+00)  (4.6892E-69,0.0000E+00)  (-9.3784E-69,0.0000E+00)
(-1.6699E-64,0.0000E+00)  (-1.6699E-64,0.0000E+00)  (3.3399E-64,0.0000E+00)
(-3.5200E-62,0.0000E+00)  (-3.5200E-62,0.0000E+00)  (7.0400E-62,0.0000E+00)
(9.3888E-59,0.0000E+00)  (9.3888E-59,0.0000E+00)  (-1.8778E-58,0.0000E+00)
(2.5534E-56,0.0000E+00)  (2.5534E-56,0.0000E+00)  (-5.1068E-56,0.0000E+00)
(-1.0278E-53,0.0000E+00)  (-1.0278E-53,0.0000E+00)  (2.0556E-53,0.0000E+00)
(-3.1137E-51,0.0000E+00)  (-3.1137E-51,0.0000E+00)  (6.2274E-51,0.0000E+00)
(6.0192E-50,0.0000E+00)  (6.0192E-50,0.0000E+00)  (-1.2038E-49,0.0000E+00)
(6.1058E-47,0.0000E+00)  (6.1058E-47,0.0000E+00)  (-1.2212E-46,0.0000E+00)
(3.5408E-45,0.0000E+00)  (3.5408E-45,0.0000E+00)  (-7.0817E-45,0.0000E+00)
(-7.9852E-44,0.0000E+00)  (-7.9852E-44,0.0000E+00)  (1.5970E-43,0.0000E+00)
(-1.1015E-41,0.0000E+00)  (-1.1015E-41,0.0000E+00)  (2.2030E-41,0.0000E+00)
(-2.7497E-40,0.0000E+00)  (-2.7497E-40,0.0000E+00)  (5.4993E-40,0.0000E+00)
(-1.1820E-39,0.0000E+00)  (-1.1820E-39,0.0000E+00)  (2.3641E-39,0.0000E+00)
(4.7237E-38,0.0000E+00)  (4.7237E-38,0.0000E+00)  (-9.4473E-38,0.0000E+00)
(8.2752E-37,0.0000E+00)  (8.2752E-37,0.0000E+00)  (-1.6550E-36,0.0000E+00)
(6.0656E-36,0.0000E+00)  (6.0656E-36,0.0000E+00)  (-1.2131E-35,0.0000E+00)
(2.4183E-35,0.0000E+00)  (2.4183E-35,0.0000E+00)  (-4.8366E-35,0.0000E+00)
(5.6162E-35,0.0000E+00)  (5.6162E-35,0.0000E+00)  (-1.1232E-34,0.0000E+00)
(7.7777E-35,0.0000E+00)  (7.7777E-35,0.0000E+00)  (-1.5555E-34,0.0000E+00)
(6.8296E-35,0.0000E+00)  (6.8296E-35,0.0000E+00)  (-1.3659E-34,0.0000E+00)
(2.9938E-37,0.0000E+00)  (2.9938E-37,0.0000E+00)  (-5.9875E-37,0.0000E+00)
(2.4178E-37,0.0000E+00)  (2.4178E-37,0.0000E+00)  (-4.8356E-37,0.0000E+00)
(1.2417E-37,0.0000E+00)  (1.2417E-37,0.0000E+00)  (-2.4833E-37,0.0000E+00)
(3.6388E-38,0.0000E+00)  (3.6388E-38,0.0000E+00)  (-7.2776E-38,0.0000E+00)
(3.4662E-39,0.0000E+00)  (3.4662E-39,0.0000E+00)  (-6.9325E-39,0.0000E+00)
(-1.2611E-39,0.0000E+00)  (-1.2611E-39,0.0000E+00)  (2.5221E-39,0.0000E+00)
(-4.7750E-40,0.0000E+00)  (-4.7750E-40,0.0000E+00)  (9.5501E-40,0.0000E+00)
(-6.6564E-41,0.0000E+00)  (-6.6564E-41,0.0000E+00)  (1.3313E-40,0.0000E+00)
(-4.1008E-42,0.0000E+00)  (-4.1008E-42,0.0000E+00)  (8.2016E-42,0.0000E+00)
(-5.6213E-44,0.0000E+00)  (-5.6213E-44,0.0000E+00)  (1.1243E-43,0.0000E+00)
(5.0985E-45,0.0000E+00)  (5.0985E-45,0.0000E+00)  (-1.0197E-44,0.0000E+00)
(2.1799E-46,0.0000E+00)  (2.1799E-46,0.0000E+00)  (-4.3598E-46,0.0000E+00)
(2.1125E-48,0.0000E+00)  (2.1125E-48,0.0000E+00)  (-4.2251E-48,0.0000E+00)
(-2.2498E-50,0.0000E+00)  (-2.2498E-50,0.0000E+00)  (4.4997E-50,0.0000E+00)
(-4.2230E-52,0.0000E+00)  (-4.2230E-52,0.0000E+00)  (8.4460E-52,0.0000E+00)
(-8.7790E-55,0.0000E+00)  (-8.7790E-55,0.0000E+00)  (1.7558E-54,0.0000E+00)
(8.9623E-57,0.0000E+00)  (8.9623E-57,0.0000E+00)  (-1.7925E-56,0.0000E+00)
(2.8901E-59,0.0000E+00)  (2.8901E-59,0.0000E+00)  (-5.7803E-59,0.0000E+00)
(-2.8568E-62,0.0000E+00)  (-2.8568E-62,0.0000E+00)  (5.7136E-62,0.0000E+00)
(-1.1635E-64,0.0000E+00)  (-1.1635E-64,0.0000E+00)  (2.3270E-64,0.0000E+00)
(4.6892E-69,0.0000E+00)  (4.6892E-69,0.0000E+00)  (-9.3784E-69,0.0000E+00)
(9.8062E-71,0.0000E+00)  (9.8062E-71,0.0000E+00)  (-1.9612E-70,0.0000E+00)
(8.2366E-75,0.0000E+00)  (8.2366E-75,0.0000E+00)  (-1.6473E-74,0.0000E+00)
(-1.9873E-77,0.0000E+00)  (-1.9873E-77,0.0000E+00)  (3.9747E-77,0.0000E+00)
(-1.1742E-81,0.0000E+00)  (-1.1742E-81,0.0000E+00)  (2.3484E-81,0.0000E+00)
(-1.9873E-77,0.0000E+00)  (-1.9873E-77,0.0000E+00)  (3.9747E-77,0.0000E+00)
(8.2366E-75,0.0000E+00)  (8.2366E-75,0.0000E+00)  (-1.6473E-74,0.0000E+00)
(9.8062E-71,0.0000E+00)  (9.8062E-71,0.0000E+00)  (-1.9612E-70,0.0000E+00)
(4.6892E-69,0.0000E+00)  (4.6892E-69,0.0000E+00)  (-9.3784E-69,0.0000E+00)
(-1.1635E-64,0.0000E+00)  (-1.1635E-64,0.0000E+00)  (2.3270E-64,0.0000E+00)
(-2.8568E-62,0.0000E+00)  (-2.8568E-62,0.0000E+00)  (5.7136E-62,0.0000E+00)
(2.8901E-59,0.0000E+00)  (2.8901E-59,0.0000E+00)  (-5.7803E-59,0.0000E+00)
(8.9623E-57,0.0000E+00)  (8.9623E-57,0.0000E+00)  (-1.7925E-56,0.0000E+00)
(-8.7790E-55,0.0000E+00)  (-8.7790E-55,0.0000E+00)  (1.7558E-54,0.0000E+00)
(-4.2230E-52,0.0000E+00)  (-4.2230E-52,0.0000E+00)  (8.4460E-52,0.0000E+00)
(-2.2498E-50,0.0000E+00)  (-2.2498E-50,0.0000E+00)  (4.4997E-50,0.0000E+00)
(2.1125E-48,0.0000E+00)  (2.1125E-48,0.0000E+00)  (-4.2251E-48,0.0000E+00)
(2.1799E-46,0.0000E+00)  (2.1799E-46,0.0000E+00)  (-4.3598E-46,0.0000E+00)
(5.0985E-45,0.0000E+00)  (5.0985E-45,0.0000E+00)  (-1.0197E-44,0.0000E+00)
(-5.6213E-44,0.0000E+00)  (-5.6213E-44,0.0000E+00)  (1.1243E-43,0.0000E+00)
(-4.1008E-42,0.0000E+00)  (-4.1008E-42,0.0000E+00)  (8.2016E-42,0.0000E+00)
(-6.6564E-41,0.0000E+00)  (-6.6564E-41,0.0000E+00)  (1.3313E-40,0.0000E+00)
(-4.7750E-40,0.0000E+00)  (-4.7750E-40,0.0000E+00)  (9.5501E-40,0.0000E+00)
(-1.2611E-39,0.0000E+00)  (-1.2611E-39,0.0000E+00)  (2.5221E-39,0.0000E+00)
(3.4662E-39,0.0000E+00)  (3.4662E-39,0.0000E+00)  (-6.9325E-39,0.0000E+00)
(3.6388E-38,0.0000E+00)  (3.6388E-38,0.0000E+00)  (-7.2776E-38,0.0000E+00)
(1.2417E-37,0.0000E+00)  (1.2417E-37,0.0000E+00)  (-2.4833E-37,0.0000E+00)
(2.4178E-37,0.0000E+00)  (2.4178E-37,0.0000E+00)  (-4.8356E-37,0.0000E+00)
(-1.7551E-40,0.0000E+00)  (-1.7551E-40,0.0000E+00)  (3.5102E-40,0.0000E+00)
(-1.5026E-40,0.0000E+00)  (-1.5026E-40,0.0000E+00)  (3.0052E-40,0.0000E+00)
(-9.2855E-41,0.0000E+00)  (-9.2855E-41,0.0000E+00)  (1.8571E-40,0.0000E+00)
(-3.9719E-41,0.0000E+00)  (-3.9719E-41,0.0000E+00)  (7.9439E-41,0.0000E+00)
(-1.1015E-41,0.0000E+00)  (-1.1015E-41,0.0000E+00)  (2.2030E-41,0.0000E+00)
(-1.7642E-42,0.0000E+00)  (-1.7642E-42,0.0000E+00)  (3.5285E-42,0.0000E+00)
(-1.1031E-43,0.0000E+00)  (-1.1031E-43,0.0000E+00)  (2.2062E-43,0.0000E+00)
(9.3368E-45,0.0000E+00)  (9.3368E-45,0.0000E+00)  (-1.8674E-44,0.0000E+00)
(2.0538E-45,0.0000E+00)  (2.0538E-45,0.0000E+00)  (-4.1077E-45,0.0000E+00)
(1.2784E-46,0.0000E+00)  (1.2784E-46,0.0000E+00)  (-2.5568E-46,0.0000E+00)
(2.6810E-48,0.0000E+00)  (2.6810E-48,0.0000E+00)  (-5.3620E-48,0.0000E+00)
(-3.1418E-50,0.0000E+00)  (-3.1418E-50,0.0000E+00)  (6.2835E-50,0.0000E+00)
(-1.9378E-51,0.0000E+00)  (-1.9378E-51,0.0000E+00)  (3.8756E-51,0.0000E+00)
(-1.9549E-53,0.0000E+00)  (-1.9549E-53,0.0000E+00)  (3.9098E-53,0.0000E+00)
(4.9509E-56,0.0000E+00)  (4.9509E-56,0.0000E+00)  (-9.9018E-56,0.0000E+00)
(1.3726E-57,0.0000E+00)  (1.3726E-57,0.0000E+00)  (-2.7452E-57,0.0000E+00)
(3.3183E-60,0.0000E+00)  (3.3183E-60,0.0000E+00)  (-6.6367E-60,0.0000E+00)
(-1.1950E-62,0.0000E+00)  (-1.1950E-62,0.0000E+00)  (2.3900E-62,0.0000E+00)
(-3.8023E-65,0.0000E+00)  (-3.8023E-65,0.0000E+00)  (7.6045E-65,0.0000E+00)
(1.1434E-68,0.0000E+00)  (1.1434E-68,0.0000E+00)  (-2.2867E-68,0.0000E+00)
(6.9311E-71,0.0000E+00)  (6.9311E-71,0.0000E+00)  (-1.3862E-70,0.0000E+00)
(8.2366E-75,0.0000E+00)  (8.2366E-75,0.0000E+00)  (-1.6473E-74,0.0000E+00)
(-2.7747E-77,0.0000E+00)  (-2.7747E-77,0.0000E+00)  (5.5494E-77,0.0000E+00)
(-3.7457E-81,0.0000E+00)  (-3.7457E-81,0.0000E+00)  (7.4913E-81,0.0000E+00)
(2.7379E-84,0.0000E+00)  (2.7379E-84,0.0000E+00)  (-5.4758E-84,0.0000E+00)
(-3.7457E-81,0.0000E+00)  (-3.7457E-81,0.0000E+00)  (7.4913E-81,0.0000E+00)
(-2.7747E-77,0.0000E+00)  (-2.7747E-77,0.0000E+00)  (5.5494E-77,0.0000E+00)
(8.2366E-75,0.0000E+00)  (8.2366E-75,0.0000E+00)  (-1.6473E-74,0.0000E+00)
(6.9311E-71,0.0000E+00)  (6.9311E-71,0.0000E+00)  (-1.3862E-70,0.0000E+00)
(1.1434E-68,0.0000E+00)  (1.1434E-68,0.0000E+00)  (-2.2867E-68,0.0000E+00)
(-3.8023E-65,0.0000E+00)  (-3.8023E-65,0.0000E+00)  (7.6045E-65,0.0000E+00)
(-1.1950E-62,0.0000E+00)  (-1.1950E-62,0.0000E+00)  (2.3900E-62,0.0000E+00)
(3.3183E-60,0.0000E+00)  (3.3183E-60,0.0000E+00)  (-6.6367E-60,0.0000E+00)
(1.3726E-57,0.0000E+00)  (1.3726E-57,0.0000E+00)  (-2.7452E-57,0.0000E+00)
(4.9509E-56,0.0000E+00)  (4.9509E-56,0.0000E+00)  (-9.9018E-56,0.0000E+00)
(-1.9549E-53,0.0000E+00)  (-1.9549E-53,0.0000E+00)  (3.9098E-53,0.0000E+00)
(-1.9378E-51,0.0000E+00)  (-1.9378E-51,0.0000E+00)  (3.8756E-51,0.0000E+00)
(-3.1418E-50,0.0000E+00)  (-3.1418E-50,0.0000E+00)  (6.2835E-50,0.0000E+00)
(2.6810E-48,0.0000E+00)  (2.6810E-48,0.0000E+00)  (-5.3620E-48,0.0000E+00)
(1.2784E-46,0.0000E+00)  (1.2784E-46,0.0000E+00)  (-2.5568E-46,0.0000E+00)
(2.0538E-45,0.0000E+00)  (2.0538E-45,0.0000E+00)  (-4.1077E-45,0.0000E+00)
(9.3368E-45,0.0000E+00)  (9.3368E-45,0.0000E+00)  (-1.8674E-44,0.0000E+00)
(-1.1031E-43,0.0000E+00)  (-1.1031E-43,0.0000E+00)  (2.2062E-43,0.0000E+00)
(-1.7642E-42,0.0000E+00)  (-1.7642E-42,0.0000E+00)  (3.5285E-42,0.0000E+00)
(-1.1015E-41,0.0000E+00)  (-1.1015E-41,0.0000E+00)  (2.2030E-41,0.0000E+00)
(-3.9719E-41,0.0000E+00)  (-3.9719E-41,0.0000E+00)  (7.9439E-41,0.0000E+00)
(-9.2855E-41,0.0000E+00)  (-9.2855E-41,0.0000E+00)  (1.8571E-40,0.0000E+00)
(-1.5026E-40,0.0000E+00)  (-1.5026E-40,0.0000E+00)  (3.0052E-40,0.0000E+00)
(6.1340E-45,0.0000E+00)  (6.1340E-45,0.0000E+00)  (-1.2268E-44,0.0000E+00)
(7.8454E-45,0.0000E+00)  (7.8454E-45,0.0000E+00)  (-1.5691E-44,0.0000E+00)
(9.3368E-45,0.0000E+00)  (9.3368E-45,0.0000E+00)  (-1.8674E-44,0.0000E+00)
(6.9542E-45,0.0000E+00)  (6.9542E-45,0.0000E+00)  (-1.3908E-44,0.0000E+00)
(3.1072E-45,0.0000E+00)  (3.1072E-45,0.0000E+00)  (-6.2143E-45,0.0000E+00)
(8.2918E-46,0.0000E+00)  (8.2918E-46,0.0000E+00)  (-1.6584E-45,0.0000E+00)
(1.2784E-46,0.0000E+00)  (1.2784E-46,0.0000E+00)  (-2.5568E-46,0.0000E+00)
(1.0168E-47,0.0000E+00)  (1.0168E-47,0.0000E+00)  (-2.0335E-47,0.0000E+00)
(2.2163E-49,0.0000E+00)  (2.2163E-49,0.0000E+00)  (-4.4326E-49,0.0000E+00)
(-2.2498E-50,0.0000E+00)  (-2.2498E-50,0.0000E+00)  (4.4997E-50,0.0000E+00)
(-1.6479E-51,0.0000E+00)  (-1.6479E-51,0.0000E+00)  (3.2958E-51,0.0000E+00)
(-3.6242E-53,0.0000E+00)  (-3.6242E-53,0.0000E+00)  (7.2484E-53,0.0000E+00)
(-4.5571E-56,0.0000E+00)  (-4.5571E-56,0.0000E+00)  (9.1142E-56,0.0000E+00)
(7.7531E-57,0.0000E+00)  (7.7531E-57,0.0000E+00)  (-1.5506E-56,0.0000E+00)
(7.7513E-59,0.0000E+00)  (7.7513E-59,0.0000E+00)  (-1.5503E-58,0.0000E+00)
(1.9347E-62,0.0000E+00)  (1.9347E-62,0.0000E+00)  (-3.8695E-62,0.0000E+00)
(-2.1000E-63,0.0000E+00)  (-2.1000E-63,0.0000E+00)  (4.2000E-63,0.0000E+00)
(-5.1447E-66,0.0000E+00)  (-5.1447E-66,0.0000E+00)  (1.0289E-65,0.0000E+00)
(7.0759E-69,0.0000E+00)  (7.0759E-69,0.0000E+00)  (-1.4152E-68,0.0000E+00)
(2.3760E-71,0.0000E+00)  (2.3760E-71,0.0000E+00)  (-4.7520E-71,0.0000E+00)
(4.8931E-76,0.0000E+00)  (4.8931E-76,0.0000E+00)  (-9.7863E-76,0.0000E+00)
(-1.9873E-77,0.0000E+00)  (-1.9873E-77,0.0000E+00)  (3.9747E-77,0.0000E+00)
(-3.7457E-81,0.0000E+00)  (-3.7457E-81,0.0000E+00)  (7.4913E-81,0.0000E+00)
(3.7722E-84,0.0000E+00)  (3.7722E-84,0.0000E+00)  (-7.5443E-84,0.0000E+00)
(5.8409E-88,0.0000E+00)  (5.8409E-88,0.0000E+00)  (-1.1682E-87,0.0000E+00)
(3.7722E-84,0.0000E+00)  (3.7722E-84,0.0000E+00)  (-7.5443E-84,0.0000E+00)
(-3.7457E-81,0.0000E+00)  (-3.7457E-81,0.0000E+00)  (7.4913E-81,0.0000E+00)
(-1.9873E-77,0.0000E+00)  (-1.9873E-77,0.0000E+00)  (3.9747E-77,0.0000E+00)
(4.8931E-76,0.0000E+00)  (4.8931E-76,0.0000E+00)  (-9.7863E-76,0.0000E+00)
(2.3760E-71,0.0000E+00)  (2.3760E-71,0.0000E+00)  (-4.7520E-71,0.0000E+00)
(7.0759E-69,0.0000E+00)  (7.0759E-69,0.0000E+00)  (-1.4152E-68,0.0000E+00)
(-5.1447E-66,0.0000E+00)  (-5.1447E-66,0.0000E+00)  (1.0289E-65,0.0000E+00)
(-2.1000E-63,0.0000E+00)  (-2.1000E-63,0.0000E+00)  (4.2000E-63,0.0000E+00)
(1.9347E-62,0.0000E+00)  (1.9347E-62,0.0000E+00)  (-3.8695E-62,0.0000E+00)
(7.7513E-59,0.0000E+00)  (7.7513E-59,0.0000E+00)  (-1.5503E-58,0.0000E+00)
(7.7531E-57,0.0000E+00)  (7.7531E-57,0.0000E+00)  (-1.5506E-56,0.0000E+00)
(-4.5571E-56,0.0000E+00)  (-4.5571E-56,0.0000E+00)  (9.1142E-56,0.0000E+00)
(-3.6242E-53,0.0000E+00)  (-3.6242E-53,0.0000E+00)  (7.2484E-53,0.0000E+00)
(-1.6479E-51,0.0000E+00)  (-1.6479E-51,0.0000E+00)  (3.2958E-51,0.0000E+00)
(-2.2498E-50,0.0000E+00)  (-2.2498E-50,0.0000E+00)  (4.4997E-50,0.0000E+00)
(2.2163E-49,0.0000E+00)  (2.2163E-49,0.0000E+00)  (-4.4326E-49,0.0000E+00)
(1.0168E-47,0.0000E+00)  (1.0168E-47,0.0000E+00)  (-2.0335E-47,0.0000E+00)
(1.2784E-46,0.0000E+00)  (1.2784E-46,0.0000E+00)  (-2.5568E-46,0.0000E+00)
(8.2918E-46,0.0000E+00)  (8.2918E-46,0.0000E+00)  (-1.6584E-45,0.0000E+00)
(3.1072E-45,0.0000E+00)  (3.1072E-45,0.0000E+00)  (-6.2143E-45,0.0000E+00)
(6.9542E-45,0.0000E+00)  (6.9542E-45,0.0000E+00)  (-1.3908E-44,0.0000E+00)
(9.3368E-45,0.0000E+00)  (9.3368E-45,0.0000E+00)  (-1.8674E-44,0.0000E+00)
(7.8454E-45,0.0000E+00)  (7.8454E-45,0.0000E+00)  (-1.5691E-44,0.0000E+00)
(1.5416E-47,0.0000E+00)  (1.5416E-47,0.0000E+00)  (-3.0833E-47,0.0000E+00)
(1.2538E-47,0.0000E+00)  (1.2538E-47,0.0000E+00)  (-2.5077E-47,0.0000E+00)
(6.6225E-48,0.0000E+00)  (6.6225E-48,0.0000E+00)  (-1.3245E-47,0.0000E+00)
(2.1125E-48,0.0000E+00)  (2.1125E-48,0.0000E+00)  (-4.2251E-48,0.0000E+00)
(3.1092E-49,0.0000E+00)  (3.1092E-49,0.0000E+00)  (-6.2184E-49,0.0000E+00)
(-2.4534E-50,0.0000E+00)  (-2.4534E-50,0.0000E+00)  (4.9068E-50,0.0000E+00)
(-1.8309E-50,0.0000E+00)  (-1.8309E-50,0.0000E+00)  (3.6617E-50,0.0000E+00)
(-3.1137E-51,0.0000E+00)  (-3.1137E-51,0.0000E+00)  (6.2274E-51,0.0000E+00)
(-2.4632E-52,0.0000E+00)  (-2.4632E-52,0.0000E+00)  (4.9264E-52,0.0000E+00)
(-8.2397E-54,0.0000E+00)  (-8.2397E-54,0.0000E+00)  (1.6479E-53,0.0000E+00)
(2.7780E-56,0.0000E+00)  (2.7780E-56,0.0000E+00)  (-5.5560E-56,0.0000E+00)
(8.9623E-57,0.0000E+00)  (8.9623E-57,0.0000E+00)  (-1.7925E-56,0.0000E+00)
(1.9870E-58,0.0000E+00)  (1.9870E-58,0.0000E+00)  (-3.9741E-58,0.0000E+00)
(9.4765E-61,0.0000E+00)  (9.4765E-61,0.0000E+00)  (-1.8953E-60,0.0000E+00)
(-1.3567E-62,0.0000E+00)  (-1.3567E-62,0.0000E+00)  (2.7134E-62,0.0000E+00)
(-1.3949E-64,0.0000E+00)  (-1.3949E-64,0.0000E+00)  (2.7898E-64,0.0000E+00)
(-1.7635E-67,0.0000E+00)  (-1.7635E-67,0.0000E+00)  (3.5269E-67,0.0000E+00)
(1.5013E-69,0.0000E+00)  (1.5013E-69,0.0000E+00)  (-3.0025E-69,0.0000E+00)
(3.5911E-72,0.0000E+00)  (3.5911E-72,0.0000E+00)  (-7.1821E-72,0.0000E+00)
(-1.6413E-75,0.0000E+00)  (-1.6413E-75,0.0000E+00)  (3.2825E-75,0.0000E+00)
(-7.1022E-78,0.0000E+00)  (-7.1022E-78,0.0000E+00)  (1.4204E-77,0.0000E+00)
(-1.1742E-81,0.0000E+00)  (-1.1742E-81,0.0000E+00)  (2.3484E-81,0.0000E+00)
(2.7379E-84,0.0000E+00)  (2.7379E-84,0.0000E+00)  (-5.4758E-84,0.0000E+00)
(5.8409E-88,0.0000E+00)  (5.8409E-88,0.0000E+00)  (-1.1682E-87,0.0000E+00)
(-2.4476E-91,0.0000E+00)  (-2.4476E-91,0.0000E+00)  (4.8951E-91,0.0000E+00)
(5.8409E-88,0.0000E+00)  (5.8409E-88,0.0000E+00)  (-1.1682E-87,0.0000E+00)
(2.7379E-84,0.0000E+00)  (2.7379E-84,0.0000E+00)  (-5.4758E-84,0.0000E+00)
(-1.1742E-81,0.0000E+00)  (-1.1742E-81,0.0000E+00)  (2.3484E-81,0.0000E+00)
(-7.1022E-78,0.0000E+00)  (-7.1022E-78,0.0000E+00)  (1.4204E-77,0.0000E+00)
(-1.6413E-75,0.0000E+00)  (-1.6413E-75,0.0000E+00)  (3.2825E-75,0.0000E+00)
(3.5911E-72,0.0000E+00)  (3.5911E-72,0.0000E+00)  (-7.1821E-72,0.0000E+00)
(1.5013E-69,0.0000E+00)  (1.5013E-69,0.0000E+00)  (-3.0025E-69,0.0000E+00)
(-1.7635E-67,0.0000E+00)  (-1.7635E-67,0.0000E+00)  (3.5269E-67,0.0000E+00)
(-1.3949E-64,0.0000E+00)  (-1.3949E-64,0.0000E+00)  (2.7898E-64,0.0000E+00)
(-1.3567E-62,0.0000E+00)  (-1.3567E-62,0.0000E+00)  (2.7134E-62,0.0000E+00)
(9.4765E-61,0.0000E+00)  (9.4765E-61,0.0000E+00)  (-1.8953E-60,0.0000E+00)
(1.9870E-58,0.0000E+00)  (1.9870E-58,0.0000E+00)  (-3.9741E-58,0.0000E+00)
(8.9623E-57,0.0000E+00)  (8.9623E-57,0.0000E+00)  (-1.7925E-56,0.0000E+00)
(2.7780E-56,0.0000E+00)  (2.7780E-56,0.0000E+00)  (-5.5560E-56,0.0000E+00)
(-8.2397E-54,0.0000E+00)  (-8.2397E-54,0.0000E+00)  (1.6479E-53,0.0000E+00)
(-2.4632E-52,0.0000E+00)  (-2.4632E-52,0.0000E+00)  (4.9264E-52,0.0000E+00)
(-3.1137E-51,0.0000E+00)  (-3.1137E-51,0.0000E+00)  (6.2274E-51,0.0000E+00)
(-1.8309E-50,0.0000E+00)  (-1.8309E-50,0.0000E+00)  (3.6617E-50,0.0000E+00)
(-2.4534E-50,0.0000E+00)  (-2.4534E-50,0.0000E+00)  (4.9068E-50,0.0000E+00)
(3.1092E-49,0.0000E+00)  (3.1092E-49,0.0000E+00)  (-6.2184E-49,0.0000E+00)
(2.1125E-48,0.0000E+00)  (2.1125E-48,0.0000E+00)  (-4.2251E-48,0.0000E+00)
(6.6225E-48,0.0000E+00)  (6.6225E-48,0.0000E+00)  (-1.3245E-47,0.0000E+00)
(1.2538E-47,0.0000E+00)  (1.2538E-47,0.0000E+00)  (-2.5077E-47,0.0000E+00)
