   1.000000
   0.190435
   0.085608
   0.047530
  -0.055031
  -0.016728
   0.024761
  -0.011833
  -0.067322
  -0.041807
  -0.087519
   0.021224
   0.007762
   0.032687
   0.038365
   0.036118
  -0.010951
  -0.012534
  -0.087214
  -0.028110
   0.034931
  -0.032855
   0.052106
   0.015609
  -0.006762
   0.016912
   0.047504
   0.008757
  -0.021060
  -0.011490
   0.000056
   0.034162
   0.000596
  -0.003205
  -0.043719
  -0.004010
   0.005459
   0.070281
   0.051353
  -0.015041
   0.047108
  -0.000091
   0.028958
   0.029984
  -0.029927
  -0.005442
   0.003635
  -0.026361
  -0.029389
  -0.010575
  -0.014289
   0.021746
   0.039250
   0.068871
   0.068894
   0.027332
   0.034525
   0.026699
  -0.034057
  -0.066350
  -0.036149
  -0.040938
  -0.016642
   0.001788
  -0.049272
  -0.020173
   0.013293
   0.051878
   0.035102
   0.061207
   0.068597
  -0.023413
   0.016033
   0.005276
   0.030978
   0.020870
   0.040498
  -0.029060
  -0.018556
   0.015833
  -0.009679
  -0.023890
  -0.013910
  -0.041038
   0.003010
  -0.018591
  -0.064351
  -0.005238
   0.010955
   0.031825
   0.004491
  -0.011854
  -0.005204
  -0.010124
  -0.002330
  -0.020492
   0.065427
   0.012878
  -0.012161
  -0.033679
  -0.061387
   0.023853
   0.030244
   0.056162
   0.057538
  -0.032217
  -0.011996
   0.032424
  -0.024605
  -0.024551
   0.044416
  -0.006561
   0.000256
   0.012928
  -0.001426
  -0.008007
   0.013210
  -0.003375
   0.014481
   0.037083
  -0.039022
   0.031015
  -0.000949
   0.020005
  -0.008599
   0.009781
  -0.016046
   0.030114
  -0.028069
  -0.007073
  -0.017188
  -0.026754
   0.008604
   0.044041
   0.063193
   0.051623
   0.028880
  -0.044167
   0.000868
  -0.027633
  -0.045071
  -0.041990
  -0.042396
  -0.071439
  -0.003273
   0.012052
   0.019201
   0.025455
  -0.003352
   0.040569
  -0.016735
  -0.016219
  -0.020632
  -0.015963
  -0.013911
  -0.006148
  -0.011544
   0.050696
   0.083506
   0.087983
   0.047592
  -0.030082
  -0.055780
   0.055670
   0.093473
  -0.004547
   0.013118
  -0.039828
  -0.092796
   0.003201
  -0.000382
   0.066745
   0.030371
   0.008060
   0.004362
   0.000609
  -0.014867
  -0.043683
  -0.046584
  -0.028743
  -0.058289
  -0.065760
  -0.009184
  -0.033745
  -0.016475
   0.042092
   0.035907
   0.012846
   0.027334
  -0.027647
  -0.019044
   0.000766
  -0.015245
  -0.074496
  -0.039915
   0.014835
   0.062890
   0.035016
  -0.026221
  -0.011224
   0.004472
  -0.003716
   0.009095
  -0.021203
  -0.060583
  -0.060183
  -0.047659
  -0.027011
  -0.031818
  -0.006587
  -0.026951
  -0.002618
   0.004227
   0.007261
   0.018401
  -0.018828
  -0.003563
  -0.025309
  -0.023560
  -0.078750
  -0.031156
  -0.041626
   0.006851
   0.042638
  -0.013080
  -0.020186
  -0.031862
   0.043092
  -0.008238
   0.056829
  -0.023711
  -0.029237
  -0.001918
   0.047128
   0.059507
  -0.048947
  -0.005599
   0.006339
   0.085762
   0.009713
  -0.005751
  -0.006371
  -0.072380
  -0.031131
  -0.045820
  -0.067114
  -0.031696
  -0.049708
  -0.026238
   0.035723
  -0.057411
   0.004605
   0.021865
   0.049443
   0.036700
  -0.005732
  -0.003648
  -0.032356
  -0.038722
  -0.015569
   0.049637
  -0.022211
   0.006977
   0.040481
   0.009452
   0.016700
   0.031834
   0.061574
   0.013778
   0.012608
  -0.041278
  -0.027674
  -0.036080
  -0.018244
   0.037618
   0.004613
   0.055783
  -0.002840
   0.038947
   0.049171
  -0.012757
  -0.037575
  -0.040973
  -0.060617
  -0.006093
  -0.016863
  -0.049891
  -0.034794
  -0.041780
   0.032751
  -0.031982
  -0.035850
   0.020758
   0.003224
   0.005699
   0.004749
  -0.030538
   0.012939
   0.033184
   0.030327
   0.016285
   0.023769
  -0.028120
   0.029736
   0.063726
  -0.032577
  -0.004209
   0.002623
  -0.020098
   0.017928
   0.003679
  -0.080731
  -0.034468
  -0.066539
  -0.040483
  -0.028445
  -0.005034
  -0.018582
  -0.029034
   0.020580
   0.015682
   0.011173
   0.003610
   0.014299
  -0.012970
  -0.011445
  -0.033825
  -0.013280
  -0.041934
  -0.005414
   0.074187
   0.017616
   0.029460
  -0.005138
  -0.012617
   0.024506
   0.018943
  -0.010893
  -0.079336
  -0.050526
  -0.016970
   0.023972
   0.025114
  -0.035503
  -0.014848
  -0.048049
  -0.022431
  -0.030772
   0.003197
  -0.000863
   0.071727
  -0.009783
  -0.008190
  -0.063385
  -0.034685
   0.045499
   0.064438
   0.046394
  -0.050630
  -0.046629
  -0.040411
  -0.021802
  -0.051323
   0.000867
  -0.038796
  -0.038293
  -0.036161
  -0.017994
  -0.016313
   0.015033
   0.105240
   0.031061
   0.011051
   0.066354
  -0.008219
  -0.046956
  -0.032828
   0.013295
  -0.083376
  -0.033730
  -0.040770
  -0.037247
   0.048846
  -0.044737
  -0.073071
  -0.048326
   0.007249
   0.037027
   0.024339
   0.026350
   0.002739
   0.004225
   0.031754
   0.070099
  -0.001315
   0.023569
   0.073112
   0.013426
  -0.025252
  -0.088740
  -0.087314
  -0.028865
  -0.016247
  -0.040989
  -0.026962
  -0.075275
  -0.066434
  -0.097672
   0.006141
   0.022811
   0.065482
   0.085681
   0.118088
   0.035444
  -0.066723
  -0.043861
  -0.103671
  -0.088575
  -0.077455
  -0.057447
  -0.002396
  -0.084485
   0.000668
   0.037080
   0.064712
   0.133402
   0.155958
   0.011652
  -0.010688
  -0.028716
  -0.083154
  -0.040914
  -0.050563
   0.047117
  -0.025484
  -0.049002
  -0.038121
  -0.028228
  -0.016621
   0.039150
  -0.034342
  -0.075235
  -0.034874
  -0.066053
  -0.030407
   0.032332
  -0.019793
   0.022799
   0.036563
   0.001670
   0.022387
   0.003460
   0.038247
  -0.015783
  -0.052107
  -0.063933
  -0.047681
  -0.046282
  -0.009207
   0.000240
  -0.050566
   0.025240
  -0.001478
   0.083780
   0.084275
   0.030155
   0.107320
   0.039523
  -0.059369
  -0.054178
  -0.055715
  -0.048970
  -0.137698
  -0.088314
  -0.105979
  -0.053623
  -0.028549
   0.017077
   0.046250
   0.033318
   0.036573
   0.040995
   0.024021
   0.040795
   0.001688
  -0.053193
  -0.071706
  -0.067477
  -0.030493
   0.016647
   0.049731
  -0.015359
   0.037703
   0.003896
  -0.018694
  -0.007130
  -0.015446
  -0.061681
  -0.052362
  -0.020711
