9.985101950122043
27.05862176453229
25.023194667417556
25.467154177837074
31.931723310175585
28.60270864306949
40.76170145283686
14.570401061704615
23.289014069079712
24.740194485704706
35.58716582364286
24.913722187338863
25.767761206254363
27.15798721073952
22.7343699972007
28.54139723908156
24.277228392194957
18.513418480404653
25.650098139885813
16.868207976804115
16.63645067770267
16.30717165581882
16.542993309150916
23.51178705296479
21.919607317773625
14.16508447646629
35.203369880793616
26.62868320767302
30.452518268554762
23.60809566533537
39.02266803011298
26.07740534748882
37.547922307043336
22.83951262757182
18.46331880686921
20.007226941601857
18.759995959864682
21.616592982813017
21.82071273238398
20.968482634052634
16.988874092432525
27.715731421951205
20.46056983154267
37.60879638192819
26.20659734494984
15.95858056563884
19.518279120558873
19.735943381674588
29.616063473833492
17.983259784290567
25.935158921729453
19.753832263406366
14.173748913803138
16.06260251380195
13.80458156333043
20.68078798762872
15.584688493880094
17.813431680202484
16.64634643759473
26.918136313415744
17.5449838032946
11.289263966376893
22.77618844481185
26.39020845340565
28.360463300952688
15.981304869055748
20.728486521635205
17.5357962824055
19.875990040280158
25.46220321347937
36.817827635619324
33.951567840529606
34.22113115200477
27.592520998463442
19.79199656169658
19.07341949408874
8.979660354782027
27.51178284129128
17.7514123842775
19.328014243308644
19.75745087579253
24.11828546455945
13.498183214269375
32.35595080535859
27.213029599748552
32.24718751999899
40.27723782949033
18.0580467969412
24.677224630629098
10.340395172243007
18.66119161201641
22.517031064257026
14.521153371897526
23.355131073818484
15.258381720632315
16.5649993757105
17.211874161846936
29.179711364064133
25.58367093768902
27.94801957393065
25.024072307161987
30.36783341181581
25.75226043490693
18.055249421682674
20.71625319067971
26.239547501056222
22.467164914917703
19.043680067174137
24.929147115486558
20.51376905385405
21.15671795234084
32.210677532013506
18.52295802795561
8.109865001868457
23.311191426590085
17.82861081464216
20.700245611393598
24.24626034090761
28.468066748115234
30.151967542245984
35.13031606271397
17.214799960864184
19.173391263000667
26.13701710209716
31.6880296827876
15.16817924240604
26.102487249998376
30.717018164228648
21.965484940854367
28.245842660486232
22.337578694685362
27.536619395017624
12.847224105877103
29.57526475242048
21.73092081968207
24.46324653364718
40.028194698737934
32.445260832086205
22.993758765529492
17.822006690052604
28.28189286214183
25.566926911938936
26.337535166880116
25.91917761476725
17.919009354431182
18.14117745286785
16.522353291977197
20.349256731569767
33.346781876753084
17.321146971953567
25.8811265793629
30.01760846655816
17.232737807556987
29.181499554630136
13.407866173947696
22.562883741920814
17.733770726248622
21.379467563703656
20.034057593380567
21.116281552240252
28.069783146027476
32.456383384482706
27.951149734464707
18.427376007209205
20.515824149362743
26.046262898482382
17.051297025216627
30.911778441572096
18.601397621234355
23.053107804153115
15.184829437711578
21.555459751805756
23.201930690556765
35.44242010707967
17.371432788553648
31.665435934613924
22.09441215714537
34.645830637426116
31.28507410937391
17.76832148176618
16.949814378920564
14.441539986524731
14.13662916602334
18.71790606409195
26.90955743531231
19.798150308430195
32.86209705052897
31.75369519443484
21.15258023282513
27.857107451833144
24.86207914550323
17.529437586694257
15.598432750441134
19.47380282683298
22.781181543599814
18.60414557007607
16.988559649544186
14.609920745831914
27.202316496521235
21.223936229536775
30.72882534317614
21.68194016398047
36.084229429252446
22.657942314632237
12.541342621889271
23.4083304888336
19.363929782470223
22.51944464922417
20.868111158244574
19.661719436524436
18.098812918527983
16.42311776356746
26.91046219947748
20.80171812508479
25.69251755834557
31.326211612205952
19.5978705437592
18.72180655568718
20.46239195333328
12.0950922309421
18.211834255373105
25.054881924181245
20.719345177582
20.729275606339797
21.246629982676495
26.825295442686183
24.700445038819453
15.40018011701261
24.311316714916757
19.34563399059698
21.809882233843382
23.123537498293445
17.165007045172388
26.16930811293423
14.992226602626033
31.37708747573197
17.02534948196262
24.610803442061297
13.302700233180076
29.078384775049926
22.089944932558865
22.68739850167185
20.684961111983284
15.840522024780512
41.98705912195146
32.970581067726016
24.507597538642585
33.299923805869184
30.443549325224012
26.099217986661642
32.07535866514081
21.292598551663104
25.490702052600682
20.559740585274994
18.639345245435834
31.499865101650357
38.16753131944279
16.83213086015894
24.386867254856043
36.66723767173244
12.245013439736795
16.02593022363726
20.990291849295318
22.87168183992617
40.767108818748966
17.5590556031093
16.139907445647623
19.03923584151812
18.779114714823663
20.538445279787993
31.04072677786462
31.678467784586246
22.979689405765384
24.701800704177003
21.574311251519248
37.305724292993546
18.459928514319472
36.46593393923831
18.77247327888881
21.692409564870104
16.22385475417832
26.32786183268763
31.935749930795282
25.564321661833674
39.5641166260466
33.19997749757022
25.622266999824205
26.54758709260159
20.410827548243105
20.51100935926661
37.04817596820578
20.569646894931793
13.667796427675057
20.78433640428335
34.347390779992566
15.909437770955265
33.34705762167323
32.95402049671975
20.834527567669284
31.638106354279444
23.621301507984754
37.94299935464778
25.684251786442474
10.998866413159362
26.382983393617906
25.31028506392613
21.603968461044133
32.039672281593084
24.14869936974719
15.017042834748281
18.11028065625578
19.06997171585681
16.42895974998828
20.12768784930813
19.746379351243377
20.142130654208586
15.621531096985564
23.683341823518276
21.604411910753697
32.70367367728613
26.32685094966473
20.17941493866965
23.595289833610877
21.19429817504715
17.19847623887472
26.40715172328055
32.97227215208113
28.189033727830974
14.441985617624596
22.966436446164153
18.811269539408386
22.35420243153385
36.1066583446227
27.20884072926856
22.19299949426204
22.14507853332907
32.67492063343525
25.132396907545626
34.14017957611941
13.508485194819514
22.2249427260831
15.293373637570767
20.364576909691095
18.538759318265875
24.491044432092167
16.032462781839058
26.202463753987104
27.480851978441933
23.69357618111826
24.815120098262014
16.38506557281653
27.715445253503276
30.873815515849856
23.996099688549293
20.675057986180036
24.422305561602116
20.863028804982605
29.872883052099496
23.723525323264766
25.589208864825196
41.2246447636644
29.581045916769654
27.418796801939607
24.16244100725089
21.377115692477673
20.89729218701359
28.915841977577657
20.082624000497162
17.23664874532551
19.63622388523072
27.287003882229328
27.983890775591135
27.079452987294644
25.451791287094238
32.191331811249256
35.87379105167929
16.606647601360237
20.244776782139525
28.888332997550606
17.02088072965853
26.564019860699773
27.932651592484035
19.846537561475998
22.596623702236684
28.537738924380392
20.054221051119384
23.299311140599457
24.630641746975016
20.20646244287491
25.371688866522163
18.335898041259497
11.84223167134769
19.0838723150664
17.009177848827903
23.214356086216867
20.58208815474063
24.55743124941364
34.91087058742414
25.11420046413764
24.54924258805113
46.23064074397553
19.2048660479486
21.856473837862723
30.230153739452362
25.422801987529965
31.21951589535456
25.99275383912027
24.634123742580414
34.188710812788486
11.524342138669454
22.4886448517791
24.581017306176363
27.41571012698114
24.565888261247892
29.72824925649911
23.191686213802313
24.790895459009334
13.067585566801426
24.459157099496224
23.131598390522413
28.40571384057057
31.360585397928844
20.981441061478108
28.78321271869936
20.593519753635746
20.851868212397676
12.439613774360623
26.058264029532438
31.964916750381235
18.147527076653205
34.84291185345501
17.143822925165296
24.894177868962288
20.801371325294895
16.149057912851276
30.967136451392435
37.36635901010595
26.34186393750747
26.359179086837685
24.774029880645685
40.71151742339134
32.79656163987238
30.95605294113443
28.696821067482233
20.780749433179153
18.93844334408641
19.378347001154907
16.53289921488613
16.104645360144787
18.900169790314976
26.404294285690412
36.4586447449401
23.21121307159774
22.71435582459162
29.196028256163117
25.546060874359682
27.077665189266554
21.639347132935654
25.4414629736566
22.06840980204288
23.38068539687083
23.956496105941824
17.56064488174161
13.312220852996688
16.234603685326874
24.24629996251315
17.136735200379917
24.160693292040378
25.147477519582026
19.048851579020265
20.024701290996745
26.502854618418496
24.820032142598393
23.985320133389905
24.500361737475032
13.172147570177913
24.682596316561103
16.350196906365454
14.782173301384319
19.872510079992935
14.699490022176178
24.183914345223457
22.700835780582565
15.301847663125955
30.74257069826126
20.380109079182148
23.085000952502014
31.704497938902932
29.87944008829072
29.106499692425132
25.587764825555496
26.90731555606908
24.61677135316131
40.00634958827868
25.370397157035768
20.83389622834511
32.83501723408699
33.62612399319187
23.305997174818913
19.470830239770294
14.22434369936309
16.236795242555672
16.561358756094705
22.26051104045473
21.27243156824261
10.19754683575593
14.02273909986252
27.695900721482758
32.710536217316985
29.483160412117854
29.02287374646403
24.36097549617989
20.278391176834702
26.415620890446007
21.163794671316282
26.513005287773353
18.11908262189536
20.14806565688923
12.979139640658104
17.16321338072885
21.440989133321636
30.982678084168583
27.2435326964478
32.341497712768614
37.1367334285751
16.152052025077865
10.23164422949776
18.362497945548967
12.945876295392281
15.17012020804168
39.89010980504099
27.088010202474834
24.960087869141717
30.434500508243218
34.50395895987822
17.751683105534994
15.22017159345819
18.44706733338535
20.2288250903257
27.812059228890575
20.404437260935083
15.373013229781918
20.008214947767556
25.98279791662935
21.2373347383691
12.670642219642218
24.198064646450803
22.565859749389347
23.897997215855867
19.347693818388507
23.747050795675023
20.26549119106494
30.129393958486617
32.50574886985123
28.26747890649858
16.154198464723322
27.257123024886823
15.690779021475464
14.552141287189443
25.15475154435842
19.517832489102148
16.71685745234572
18.635858023539186
32.086685958784074
32.28726432572182
20.781207317253575
23.487522394396365
17.703833889192538
14.95436162056285
26.62605742849064
24.711686378292143
20.36896829190664
11.48260977678001
10.772252638773352
17.99800433102064
35.49415520846378
30.996683415920074
18.985015043610474
22.23146599595202
19.932514953713053
10.709109623719087
14.27819812890857
18.23673249850981
23.28643644670956
17.5154309310019
28.889392051263712
31.525058574508876
33.18469947225549
26.744836741650943
23.586775789000967
21.890027042478323
26.89668748632539
21.93928151926957
24.92577088897815
29.000978316551482
26.87332128174603
24.654693368123844
31.10077879857272
37.139857860514894
37.209353991027456
34.85354831069708
14.77619414436083
22.939532983873505
19.646921509178355
24.432723436955712
23.07840235263984
27.990513490280136
21.107322414605733
12.701672416937072
18.156284384225728
22.75865581311791
21.469019416719675
21.869305243482813
9.787874418885622
28.055691196049338
16.310956552823882
17.429515419498784
20.80985965806758
21.832491912980913
30.275736512150615
33.489625334341326
12.741327814990655
14.765190464822808
26.083889575806097
18.805979889234095
22.806380763659035
41.86889581242576
33.10070810644538
15.920995738484635
21.77865036611911
20.566541045031045
30.035454776072584
31.584836567752063
25.810441531340075
23.28125544078648
16.531975288991816
22.528943312179763
22.61833718069829
33.02047051815316
17.518567638463537
22.341108496882953
30.678523412741924
18.93942876625806
22.34777915367158
23.144707835977897
18.322759996221976
22.79812861024402
11.479851454289019
19.155329164117575
14.026813112199306
28.300006040837616
24.740006523948978
28.27551313303411
26.249767838045955
25.473126834142022
23.80016289060586
26.113554598996416
29.00556580047123
17.611718258820474
35.11954572703689
21.190104774199426
16.679201992228627
15.925614445353858
16.572942616650835
24.405259354040027
25.397935655957554
19.772921238822164
27.28225418674151
25.264387503499165
22.43879453325644
25.713786854292266
26.67025573446881
25.02987897231651
24.74306022573728
19.729154541157186
13.197320832419791
24.489802418426734
20.648763208650053
32.77935141564558
42.62734881788492
18.45454997883644
31.63078745297389
25.14780135184992
23.045185276161646
38.10396532941377
20.724505740741733
13.468307615534286
13.875517823267728
26.321647672448307
24.517815590104078
24.631533678621054
15.340966790769016
17.899901149692596
14.322815426799934
21.464567194867413
26.139527631778037
33.78810644638361
25.19650221933989
19.96996186184697
23.60195917543024
16.541882234402692
28.31137338723056
22.356125043705106
27.605377278174274
18.025245444849133
18.079244355423725
22.61276179156266
18.64574161019118
21.653816218156862
25.075986706597178
34.81469607492909
18.64295829553157
27.66259316180367
12.85003195241552
11.482329912832938
15.370791976478358
31.001726222224534
23.435081708579673
16.001073855906725
16.709482756908983
15.328508819453418
21.08546571061015
29.135599120054394
22.462846856578835
17.787818005230292
28.44600896164775
25.00163938757032
29.289399907458574
16.07561325887218
25.579740403045435
18.158583164418815
16.928488777615712
24.184134010225534
20.38836650166195
12.951046120026149
13.21272443071939
15.476589355617762
18.09238571448077
26.467302513647837
21.03735666605644
20.20151209188157
14.592895300302189
17.899847606779076
11.772975640724326
30.13828119498794
26.505449073330965
16.633991636836072
26.643587494269013
29.548868252837565
13.842447559349239
15.462917567201657
21.735817678272724
22.76000030884461
31.369061101038824
19.132703923169174
21.929662447655573
16.81267978483811
21.47687448724173
23.312280097045004
14.652859350841027
17.772885793820024
28.53291730210185
28.41512379157939
32.33951243618503
25.661782184629374
30.912458429695107
18.966138426563703
19.542078578844666
19.449025423047715
19.360844642389566
21.010340865672333
35.692953874124214
20.022124189783426
13.441570989089087
18.891769580775872
17.913385911204387
14.197312763579248
20.639722616877407
18.589656355935404
13.473979241214693
11.638376570423134
15.639253422850743
16.862059618115495
25.731352306436747
23.405929937027395
25.100279017351568
36.306435461272486
14.180290314601734
14.538269934138043
19.49650247930549
20.519549845077563
24.838140095584095
25.18938175115545
20.964442234952003
21.057677614546265
22.22889135160949
23.10887001667288
24.45427229255438
22.06599016301334
16.95697641838342
23.422036133008078
25.696654325933196
19.04962530950047
19.40634987782687
16.31402209820226
20.006091089278925
23.937837549019605
27.510391330062703
26.853200836572796
14.026888576685451
21.53866860154085
25.346402931871125
24.51997816050425
28.20707500167191
30.94206549122464
26.49706263281405
35.9139167140238
23.588696134909696
18.524833945557475
23.61345726973377
24.96704080834752
19.464652798771567
21.364425284191384
29.399736741557717
15.488734803642728
16.766505415980646
28.355932096135803
17.442470220383257
33.54284567385912
29.107493045623414
17.84941918682307
40.92406603693962
25.615597814699868
32.51578670423942
16.16206380352378
20.08390664611943
23.6824977977667
26.41346582956612
16.875608848466072
9.184372309187893
13.067273530818056
17.787161958869547
11.826334487380336
14.594163978472352
16.21557845105417
14.670081117656082
12.713030866740155
21.473949098884077
39.44373643118888
20.397736911545508
26.81309812644031
12.229186034295708
23.55855781212449
23.97437333362177
28.401179612148553
28.157211274374276
11.6935992613071
15.46225274488097
21.313721203696332
26.949015880469233
30.385501636046683
33.37887141527608
27.670730518642813
45.5807990874564
20.569715302088298
22.341657158525777
33.35948082098639
18.063522577867843
12.992849662097797
17.548586071381578
24.47976724090404
17.241909318137914
24.456249289018956
20.89210136863403
24.863649683227777
18.92233938165009
19.592931795865297
20.24701900582295
13.736573454458266
38.02787352446467
40.07444621005561
18.55298072937876
33.56298762920778
27.635918004089035
25.148575941100717
43.22608679998666
34.67189644370228
22.38052500784397
19.762060513254255
30.065882163122296
26.222753548878245
24.497674439800903
19.991080720503646
18.583860327693785
18.440492488618474
13.617451273705683
22.409662598278373
17.008588845841587
22.637718126620257
13.553622795117917
28.080853508319706
21.413021930835384
28.687350269407034
32.25007543899119
14.570903275769524
23.079156008345308
27.386510226133396
22.6684826053679
18.67954210966127
17.736292337445775
19.416093232110143
17.26933528313748
22.352634746581316
17.044577860237155
12.910804292187095
18.115718466986436
21.31121265515685
32.2824244115036
20.746232232235343
27.36310715728905
26.205854598621954
16.91974925384534
16.50989386688161
27.41600345633924
25.100456422951538
20.179125523719563
30.76143739298277
20.55606384004932
23.5649435625528
27.123520493507385
22.81965326576028
21.234576577589905
37.19158490351401
29.789342040894553
37.87203555589076
36.4044840374263
31.46544042043388
25.78596951164218
17.463297456370128
15.101417036406929
15.843435469374526
17.94654577712936
20.47232129308395
24.689369201194495
18.00787155859871
27.20648278761655
29.20574914338067
14.53379587175732
22.44017632228497
29.307638288475573
28.52061180397868
19.69451383660271
29.058911383152008
12.971082338131964
23.99223762913607
28.221882010884656
36.68917013891041
34.50356572959572
24.605613827094203
28.808091214857996
36.14856004877947
23.148686505737714
16.268746079236735
20.232637137174606
21.21326653007418
22.398265369498404
22.89411273226142
25.399925408306217
25.91836180887185
16.11305021320004
21.314933811780065
32.23425053805113
23.816120773160947
25.351510509848595
24.081577450968325
30.984424904745538
22.01862412353512
26.144441593438387
20.25675869442057
24.948104523820803
36.27738995850086
33.38432398029545
28.59379561804235
22.583183440438006
23.601148253888823
20.593254599513784
42.47014208892949
36.26728475904383
20.5169574287429
25.167211984284222
14.430411754990928
18.30325006507337
15.505646751262248
20.606627469765954
28.464084266190184
28.751978518790565
25.25196360750124
18.450051167717902
20.399052142805886
25.008339061401784
