  125,
   15.230479,
     0.750,     0.314,     0.695,
     0.406,    -0.454,     0.154,
     0.202,     1.128,     0.504,
    15.046,    14.791,     3.161,
    15.667,    15.120,     3.872,
    15.360,    15.114,     2.268,
     0.226,    14.709,     6.436,
     0.405,    14.186,     5.603,
    -0.173,    15.594,     6.195,
     0.143,     0.144,     9.255,
    -0.528,    -0.504,     9.614,
     0.311,    -0.051,     8.289,
     0.049,    14.950,    12.419,
    -0.077,    15.926,    12.240,
    -0.718,    14.438,    12.032,
    14.956,     2.753,    14.952,
    15.075,     2.761,    13.959,
    14.220,     3.381,    15.205,
     0.120,     3.294,     2.628,
    -0.269,     3.522,     1.735,
    -0.569,     2.826,     3.181,
    14.733,     2.367,     6.166,
    13.771,     2.611,     6.290,
    15.307,     3.012,     6.671,
    15.142,     3.142,     9.314,
    15.023,     2.157,     9.185,
    16.115,     3.349,     9.417,
     0.358,     2.803,    12.295,
     1.331,     3.020,    12.374,
    -0.021,     3.264,    11.492,
    14.726,     6.695,    14.902,
    14.442,     7.641,    14.746,
    15.631,     6.549,    14.502,
    15.199,     6.652,     2.967,
    14.939,     7.617,     2.961,
    15.395,     6.354,     2.033,
     0.387,     6.075,     5.597,
     1.382,     5.976,     5.602,
     0.025,     5.761,     4.719,
    15.107,     6.361,     8.971,
    15.629,     6.929,     9.607,
    15.721,     5.713,     8.521,
     0.526,     6.177,    12.228,
    -0.379,     5.753,    12.204,
     0.433,     7.169,    12.140,
    15.116,     9.660,    15.063,
    16.108,     9.602,    14.946,
    14.888,     9.569,    16.032,
     0.076,     9.430,     2.675,
     0.950,     9.141,     3.068,
    -0.179,    10.322,     3.048,
    14.893,     8.901,     6.321,
    15.849,     9.148,     6.167,
    14.763,     7.929,     6.121,
     0.219,     9.210,     9.333,
    -0.053,     8.633,     8.563,
     1.212,     9.322,     9.332,
     0.094,     8.790,    12.065,
     0.018,     9.290,    11.202,
     0.126,     9.438,    12.825,
     0.329,    12.831,    14.755,
    -0.479,    12.317,    15.042,
     0.324,    12.934,    13.760,
    14.656,    11.718,     3.407,
    14.902,    12.662,     3.184,
    14.801,    11.557,     4.383,
    15.040,    12.013,     6.204,
    15.516,    12.672,     6.787,
    14.684,    11.267,     6.766,
    15.062,    11.790,     8.938,
    14.300,    12.240,     8.472,
    14.896,    10.804,     8.971,
     0.180,    11.699,    11.938,
     1.022,    11.675,    12.477,
     0.395,    11.528,    10.977,
     3.359,    14.987,     0.172,
     4.194,    15.537,     0.177,
     2.563,    15.591,     0.126,
     2.996,    15.048,     3.247,
     2.895,    16.035,     3.121,
     3.309,    14.634,     2.392,
     3.624,    15.221,     6.145,
     3.348,    15.395,     5.199,
     3.493,    16.051,     6.688,
     3.673,     0.363,    10.051,
     3.445,    -0.245,     9.291,
     3.251,     0.020,    10.890,
     2.943,    14.997,    12.627,
     1.972,    14.756,    12.640,
     3.249,    15.196,    13.558,
     3.082,     2.730,     0.055,
     2.569,     2.676,     0.912,
     2.745,     3.500,    -0.487,
     2.725,     2.543,     2.858,
     3.310,     3.353,     2.821,
     1.767,     2.821,     2.801,
     2.461,     2.880,     6.339,
     2.670,     3.858,     6.324,
     2.448,     2.527,     5.404,
     2.899,     3.094,     9.298,
     3.142,     2.167,     9.581,
     3.207,     3.248,     8.359,
     3.195,     3.023,    12.328,
     4.122,     3.177,    11.984,
     3.196,     2.237,    12.946,
     2.707,     5.875,     0.290,
     3.693,     5.706,     0.308,
     2.365,     5.946,     1.227,
     3.532,     5.695,     3.106,
     4.526,     5.745,     3.203,
     3.164,     6.612,     2.956,
     3.184,     6.027,     5.868,
     3.040,     5.976,     4.880,
     4.163,     5.984,     6.065,
     2.662,     5.990,     8.670,
     3.070,     5.435,     9.395,
     3.208,     5.904,     7.837,
     3.228,     5.967,    11.832,
     2.329,     6.330,    11.588,
     3.126,     5.046,    12.206,
     2.990,     8.940,     0.028,
     2.929,     8.013,    -0.343,
     3.931,     9.269,    -0.049,
     3.068,     8.939,     2.882,
     3.017,     8.868,     1.886,
     3.359,     9.861,     3.136,
     2.226,     9.994,     6.109,
     2.338,    10.958,     5.869,
     3.125,     9.571,     6.220,
     3.380,     8.837,     9.161,
     3.133,     7.899,     8.914,
     4.355,     8.980,     8.992,
     3.526,     8.866,    11.925,
     3.504,     7.913,    12.228,
     3.623,     8.897,    10.930,
     2.936,    12.313,     0.548,
     2.945,    13.191,     0.071,
     2.022,    11.910,     0.488,
     3.631,    11.661,     3.247,
     3.039,    11.749,     2.446,
     4.570,    11.897,     2.995,
     3.366,    12.403,     5.931,
     3.464,    12.212,     4.954,
     3.146,    13.370,     6.061,
     2.861,    12.981,     8.820,
     3.387,    12.468,     8.143,
     2.127,    12.404,     9.179,
     2.625,    11.272,    12.914,
     3.410,    11.891,    12.900,
     2.906,    10.369,    12.589,
     5.861,     0.786,    14.695,
     6.811,     0.482,    14.764,
     5.793,     1.739,    14.992,
     6.421,     0.437,     2.516,
     7.406,     0.526,     2.666,
     6.187,    -0.527,     2.396,
     6.279,    15.040,     6.018,
     6.543,    14.101,     5.799,
     5.283,    15.122,     5.988,
     6.482,    15.216,     8.675,
     5.668,    15.290,     9.251,
     6.207,    15.015,     7.735,
     5.810,    15.199,    12.112,
     5.655,    15.392,    13.081,
     4.971,    15.378,    11.598,
     5.834,     3.281,     0.339,
     5.779,     3.222,     1.335,
     4.913,     3.251,    -0.049,
     5.621,     2.973,     2.952,
     5.844,     2.001,     2.875,
     5.562,     3.226,     3.918,
     6.111,     2.716,     6.138,
     6.354,     1.747,     6.169,
     6.006,     3.063,     7.070,
     6.335,     3.240,     9.166,
     7.295,     2.967,     9.123,
     6.019,     3.203,    10.114,
     5.844,     2.771,    11.955,
     6.793,     2.908,    12.236,
     5.630,     1.794,    11.966,
     5.411,     6.441,     0.155,
     5.881,     5.953,    -0.580,
     5.770,     7.372,     0.220,
     6.282,     6.044,     2.716,
     6.025,     5.628,     1.843,
     6.251,     7.040,     2.632,
     5.817,     5.620,     5.548,
     6.221,     4.714,     5.669,
     6.243,     6.074,     4.765,
     5.976,     6.025,     8.153,
     5.973,     5.978,     7.154,
     6.027,     5.100,     8.530,
     6.562,     5.640,    12.707,
     6.172,     6.380,    12.160,
     6.433,     4.770,    12.230,
     5.951,     9.395,    14.957,
     6.263,     9.095,    14.055,
     6.073,    10.384,    15.040,
     6.101,     8.681,     2.794,
     6.113,     9.225,     3.633,
     6.435,     9.236,     2.032,
     6.327,     9.454,     5.613,
     5.594,     8.831,     5.888,
     7.200,     9.115,     5.963,
     6.042,     8.843,     8.929,
     6.951,     9.132,     9.228,
     6.063,     7.872,     8.690,
     6.312,     9.043,    12.324,
     5.375,     9.108,    11.980,
     6.925,     9.547,    11.717,
     5.452,    12.074,    14.918,
     4.559,    12.038,    15.368,
     5.326,    12.231,    13.939,
     6.163,    12.045,     2.336,
     7.088,    11.934,     2.699,
     6.179,    11.931,     1.343,
     6.161,    12.171,     5.473,
     5.178,    12.348,     5.420,
     6.339,    11.213,     5.249,
     6.305,    12.071,     9.425,
     5.902,    12.269,    10.318,
     5.735,    11.405,     8.943,
     5.895,    12.513,    12.288,
     5.757,    13.503,    12.330,
     6.872,    12.317,    12.198,
     8.887,     0.546,     0.057,
     9.586,     0.126,     0.636,
     9.013,     1.538,     0.050,
     9.218,    14.611,     2.721,
     8.701,    13.803,     3.004,
    10.150,    14.551,     3.077,
     9.218,    15.005,     6.221,
     8.264,    15.233,     6.417,
     9.365,    14.028,     6.375,
     9.116,     0.072,     9.201,
     9.562,     0.452,     8.390,
     8.124,     0.093,     9.077,
     9.459,    15.173,    11.954,
     9.143,    14.235,    12.092,
     9.288,    15.446,    11.007,
     8.623,     3.189,     0.077,
     7.647,     3.253,    -0.135,
     9.003,     4.109,     0.174,
     9.119,     3.229,     3.231,
     9.711,     2.794,     2.552,
     8.164,     3.011,     3.029,
     9.325,     2.992,     5.961,
     9.413,     2.877,     4.972,
     8.654,     2.339,     6.314,
     9.134,     3.107,     9.737,
     9.147,     4.063,     9.443,
     8.999,     3.064,    10.727,
     8.696,     2.619,    12.652,
     8.965,     1.761,    12.215,
     9.159,     2.702,    13.534,
     9.053,     6.139,     0.274,
     8.894,     7.020,    -0.170,
    10.037,     5.972,     0.341,
     9.533,     5.911,     3.194,
     9.283,     6.184,     2.265,
     9.523,     4.913,     3.262,
     9.038,     5.860,     5.950,
     9.292,     5.949,     4.986,
     8.967,     4.891,     6.187,
     9.150,     5.784,     9.271,
     8.618,     6.445,     8.742,
     9.098,     6.016,    10.242,
     9.094,     6.458,    12.181,
     8.291,     5.992,    12.552,
     8.987,     7.446,    12.293,
     9.119,     8.686,    14.599,
     8.608,     9.163,    13.884,
     8.746,     8.928,    15.494,
     9.010,     9.416,     1.961,
     8.761,     8.943,     2.806,
     9.855,     9.932,     2.104,
     9.101,     8.737,     6.638,
     9.095,     7.744,     6.520,
    10.045,     9.055,     6.733,
     8.557,     9.596,     9.207,
     8.636,     9.503,     8.214,
     8.855,    10.510,     9.481,
     9.276,     9.427,    11.874,
    10.230,     9.320,    12.155,
     9.198,     9.265,    10.891,
     9.702,    12.432,    15.092,
    10.507,    11.910,    15.373,
     9.469,    13.094,    15.804,
     8.720,    11.992,     3.379,
     9.680,    11.787,     3.186,
     8.582,    12.041,     4.369,
     9.263,    12.310,     6.195,
    10.241,    12.305,     5.986,
     9.091,    11.739,     6.998,
     9.053,    12.286,     9.374,
     8.092,    12.451,     9.153,
     9.532,    13.160,     9.453,
     8.765,    12.394,    12.391,
     8.918,    12.668,    13.340,
     8.983,    11.424,    12.285,
    12.634,    15.053,     0.133,
    12.434,    16.032,     0.185,
    12.379,    14.615,     0.995,
    12.280,    14.788,     2.971,
    11.983,    14.871,     3.922,
    13.258,    14.578,     2.945,
    11.716,     0.126,     5.703,
    10.754,    -0.067,     5.896,
    12.053,     0.814,     6.345,
    12.634,    15.037,     9.805,
    12.558,    15.957,     9.420,
    12.575,    15.088,    10.802,
    12.441,    14.892,    12.618,
    12.597,    14.894,    13.606,
    11.538,    15.273,    12.422,
    11.737,     2.719,     0.177,
    11.974,     2.739,    -0.795,
    11.450,     3.631,     0.468,
    11.830,     2.560,     3.068,
    11.802,     3.035,     2.188,
    12.159,     1.625,     2.932,
    12.153,     3.061,     5.654,
    11.861,     2.882,     4.714,
    11.350,     3.125,     6.246,
    12.419,     2.630,     9.376,
    13.196,     3.241,     9.227,
    11.574,     3.164,     9.394,
    12.252,     3.143,    12.719,
    12.316,     4.140,    12.753,
    12.262,     2.840,    11.766,
    11.602,     5.316,     0.538,
    12.071,     5.805,    -0.198,
    12.053,     5.512,     1.408,
    12.685,     5.840,     2.965,
    12.353,     5.763,     3.905,
    13.685,     5.857,     2.965,
    12.118,     5.779,     5.799,
    11.453,     5.905,     6.536,
    12.235,     4.802,     5.620,
    12.555,     5.957,     9.614,
    11.897,     6.475,     9.067,
    13.452,     5.986,     9.172,
    11.920,     5.895,    12.305,
    12.349,     5.898,    11.402,
    10.985,     6.242,    12.231,
    11.928,     8.791,    15.203,
    10.952,     8.812,    14.989,
    12.452,     8.678,    14.359,
    12.432,     8.835,     3.393,
    13.406,     8.893,     3.174,
    12.184,     7.880,     3.559,
    12.171,     9.462,     6.780,
    12.905,     9.037,     6.250,
    11.949,    10.353,     6.386,
    11.556,     9.426,     9.297,
    12.131,    10.192,     9.584,
    11.762,     9.191,     8.347,
    11.914,     9.218,    12.368,
    12.494,     8.851,    11.641,
    12.212,    10.145,    12.597,
    12.329,    11.613,     0.268,
    12.485,    10.625,     0.270,
    12.134,    11.917,    -0.664,
    11.377,    11.419,     3.114,
    12.037,    11.733,     2.432,
    11.730,    10.600,     3.567,
    11.945,    12.020,     5.972,
    12.758,    12.511,     6.283,
    11.933,    11.994,     4.973,
    12.251,    12.483,     9.288,
    12.668,    13.381,     9.433,
    11.259,    12.584,     9.215,
    12.460,    12.051,    12.614,
    12.307,    13.028,    12.470,
    13.281,    11.766,    12.119,
