 format  1  0
dim                 
                   3
crystal_system      
             'cubic'
N_cell_param        
                   1
cell_param          
    3.8336179423E+00
group_name          
          'F m -3 m'
N_monomer           
                   2
N_star              
                 385
  1.875000000000E+01  6.250000000000E+00       0   0   0     1
 -7.379983306009E+00  4.918388695841E+00       1   1   1     8
 -4.701180238894E+00  3.241958952471E+00       2   0   0     6
  1.589582799018E-02  1.531042111796E+00       2   2   0    12
  1.996086153071E+00  8.972751459692E-01       3   1   1    24
  1.398964498009E+00  1.911122975929E-01       2   2   2     8
  8.348599431365E-01 -8.936078323706E-02       4   0   0     6
  1.238405582058E+00 -6.421605697044E-01       3   3   1    24
  9.093635705462E-01 -6.395944401264E-01       4   2   0    24
  8.785740902775E-02 -8.384034583674E-01       4   2   2    24
 -3.179289025943E-01 -6.762663922365E-01       5   1   1    24
 -2.125688684471E-01 -4.840368897461E-01       3   3   3     8
 -5.285095302072E-01 -3.981315280208E-01       4   4   0    12
 -1.040759753465E+00 -5.589239766771E-01       5   3   1    48
 -2.959736848787E-01 -1.364594104760E-01       6   0   0     6
 -7.761186321772E-01 -3.824507545080E-01       4   4   2    24
 -5.313606599631E-01 -1.250501692783E-01       6   2   0    24
 -5.069537864071E-01 -4.271391775915E-02       5   3   3    24
 -3.917513133263E-01  1.179409209134E-02       6   2   2    24
 -1.597199781022E-01  6.749628609618E-02       4   4   4     8
 -5.665740220356E-02  1.643156874544E-01       7   1   1    24
 -8.905222962963E-02  1.975306326791E-01       5   5   1    24
 -3.961776262054E-02  2.059787816059E-01       6   4   0    24
  1.205275993131E-01  3.377365518663E-01       6   4   2    48
  2.260230399570E-01  3.169731078939E-01       7   3   1    48
  1.594164694306E-01  2.553592521760E-01       5   5   3    24
  1.014175108845E-01  8.674603056196E-02       8   0   0     6
  2.493256989921E-01  1.944777193016E-01       7   3   3    24
  2.219130557858E-01  1.536051215768E-01       8   2   0    24
  2.680059007116E-01  2.061106331012E-01       6   4   4    24
  2.182565223974E-01  1.241770948478E-01       8   2   2    24
  1.835451523639E-01  1.084380344919E-01       6   6   0    12
  3.284392856238E-01  1.640563152987E-01       7   5   1    48
  1.463153174834E-01  7.969364625367E-02       5   5   5     8
  2.333055357375E-01  1.126891271811E-01       6   6   2    24
  1.640890528015E-01  5.222305563721E-02       8   4   0    24
  1.017424381962E-01  1.180350699317E-02       9   1   1    24
  2.188133496625E-01  5.415679685784E-02       7   5   3    48
  1.750936974807E-01  2.682602535166E-02       8   4   2    48
  1.016922001958E-01 -1.921829140823E-03       6   6   4    24
  4.294094397391E-02 -5.107591374856E-02       9   3   1    48
  8.852867156178E-04 -5.634747979958E-02       8   4   4    24
 -3.215549545011E-02 -6.627967729043E-02       9   3   3    24
 -2.937940924022E-02 -7.223883386088E-02       7   7   1    24
 -1.897505811183E-02 -6.739327396350E-02       7   5   5    24
 -2.256226264697E-02 -3.188959356539E-02      10   0   0     6
 -3.862499322975E-02 -7.430607283058E-02       8   6   0    24
 -6.234167106573E-02 -6.850034684496E-02      10   2   0    24
 -8.851288308192E-02 -1.147189284538E-01       8   6   2    48
 -1.078440462007E-01 -1.117203478945E-01       9   5   1    48
 -7.609467256613E-02 -8.456788763005E-02       7   7   3    24
 -7.462312825366E-02 -6.956675918112E-02      10   2   2    24
 -4.428217051228E-02 -4.908512063344E-02       6   6   6     8
 -1.302814230120E-01 -1.036579288826E-01       9   5   3    48
 -8.544005475960E-02 -6.305123584401E-02      10   4   0    24
 -1.361474289749E-01 -1.086227539964E-01       8   6   4    48
 -1.181360853466E-01 -7.913193456437E-02      10   4   2    48
 -6.642759508530E-02 -3.838744192395E-02      11   1   1    24
 -9.443246021003E-02 -6.370537733828E-02       7   7   5    24
 -5.682812919853E-02 -3.174968351241E-02       8   8   0    12
 -7.184631158216E-02 -3.126718196180E-02      11   3   1    48
 -9.842636533526E-02 -4.922484456109E-02       9   7   1    48
 -7.070925550206E-02 -3.671850383283E-02       9   5   5    24
 -6.004398357908E-02 -2.812991134419E-02      10   4   4    24
 -6.885165508992E-02 -3.377746272652E-02       8   8   2    24
 -4.808631216862E-02 -1.737447784776E-02      10   6   0    24
 -5.958717275756E-02 -2.608430147646E-02       8   6   6    24
 -3.020324423740E-02 -5.521898320957E-03      11   3   3    24
 -6.273715169020E-02 -1.952291503621E-02       9   7   3    48
 -5.066561974787E-02 -1.138717363568E-02      10   6   2    48
 -3.750677452554E-03  4.194400141743E-03      12   0   0     6
 -2.966320100343E-02 -2.992428193186E-03       8   8   4    24
 -1.238688826610E-02  1.307686467830E-02      11   5   1    48
 -1.331448086560E-02  8.125439112426E-04       7   7   7     8
  7.862478055851E-04  1.347110743364E-02      12   2   0    24
  8.396295575138E-03  1.775343617136E-02      12   2   2    24
 -1.933803428438E-03  2.052583750818E-02      10   6   4    48
  1.337655577873E-02  2.784156769687E-02      11   5   3    48
  5.068667652179E-03  2.501583635232E-02       9   7   5    48
  2.096320543456E-02  2.384305118180E-02      12   4   0    24
  2.387298185608E-02  2.789807160675E-02       9   9   1    24
  3.595892998173E-02  3.592486670116E-02      12   4   2    48
  2.545545386994E-02  2.818868083486E-02      10   8   0    24
  2.171777560323E-02  2.667011381061E-02       8   8   6    24
  4.239380119507E-02  4.159314510670E-02      10   8   2    48
  2.844593479734E-02  2.307816164150E-02      13   1   1    24
  4.528748556926E-02  4.042229605113E-02      11   7   1    48
  3.096704514683E-02  2.797001040728E-02      11   5   5    24
  3.259978215202E-02  3.007713837717E-02       9   9   3    24
  3.180930276881E-02  2.908749036347E-02      10   6   6    24
  3.190160157112E-02  2.528149543355E-02      12   4   4    24
  4.072824469971E-02  2.953609152172E-02      13   3   1    48
  4.830501698165E-02  3.780454720134E-02      11   7   3    48
  3.517191319692E-02  2.869317793863E-02       9   7   7    24
  3.228471999251E-02  2.408936335532E-02      12   6   0    24
  4.994160082775E-02  3.922936691755E-02      10   8   4    48
  4.409606407571E-02  3.118761936920E-02      12   6   2    48
  2.607745066110E-02  1.696536738768E-02      13   3   3    24
  3.417550879373E-02  2.449523667377E-02       9   9   5    24
  1.836856902826E-02  1.244724993394E-02       8   8   8     8
  3.003536383568E-02  1.706957126384E-02      13   5   1    48
  3.825264075508E-02  2.387949213013E-02      11   7   5    48
  7.479584782789E-03  3.724144258773E-03      14   0   0     6
  3.381580876491E-02  1.996728296775E-02      12   6   4    48
  1.225657846123E-02  5.222574357576E-03      14   2   0    24
  1.635275859620E-02  9.100848418118E-03      10  10   0    12
  3.451688513047E-02  2.013571039191E-02      10   8   6    48
  2.116795186747E-02  9.575400166966E-03      13   5   3    48
  2.760571026649E-02  1.401590472188E-02      11   9   1    48
  9.447071032501E-03  3.028779667841E-03      14   2   2    24
  1.926250044154E-02  9.656368908911E-03      10  10   2    24
  1.303863429481E-02  4.908493640082E-03      12   8   0    24
  1.663816784274E-02  5.502485922240E-03      11   9   3    48
  1.420544538950E-02  5.790340226740E-03       9   9   7    24
  3.856458370499E-03 -1.057251684569E-03      14   4   0    24
  1.321098880871E-02  3.080145799425E-03      12   8   2    48
  1.683179333780E-03 -4.061283650843E-03      14   4   2    48
  6.200093386907E-03  5.344989651165E-05      12   6   6    24
  7.662669601657E-03  8.992162452092E-04      10  10   4    24
  2.525992196139E-03 -4.088363411347E-03      13   7   1    48
  2.063743019351E-03 -2.634844014680E-03      13   5   5    24
  5.008505750719E-03 -8.270687455286E-04      11   7   7    24
 -8.777399079385E-04 -6.492383077211E-03      12   8   4    48
 -7.376501117794E-03 -7.846078306621E-03      15   1   1    24
 -5.065659144763E-03 -8.847697191707E-03      13   7   3    48
 -2.661304250791E-03 -7.667472355387E-03      11   9   5    48
 -5.555664027025E-03 -7.051758050830E-03      14   4   4    24
 -1.483855757142E-03 -5.148312262928E-03      10   8   8    24
 -7.411639870142E-03 -8.088812226569E-03      14   6   0    24
 -1.400029157457E-02 -1.278901622064E-02      15   3   1    48
 -1.247267073418E-02 -1.238976813219E-02      14   6   2    48
 -7.066049159357E-03 -8.432447697274E-03      10  10   6    24
 -1.134801774020E-02 -9.435182238258E-03      15   3   3    24
 -1.476742448540E-02 -1.378238388499E-02      13   7   5    48
 -1.136287034680E-02 -1.059108709347E-02      11  11   1    24
 -5.621827109122E-03 -5.624234383471E-03       9   9   9     8
 -1.157121290492E-02 -1.059811632616E-02      12  10   0    24
 -1.536636417484E-02 -1.437915552085E-02      12   8   6    48
 -1.585425462966E-02 -1.332389404231E-02      14   6   4    48
 -1.747134414246E-02 -1.519224504234E-02      12  10   2    48
 -1.666899329276E-02 -1.290265188673E-02      15   5   1    48
 -1.730553757959E-02 -1.445936096218E-02      13   9   1    48
 -1.279620719543E-02 -1.078579505706E-02      11  11   3    24
 -1.724091786348E-02 -1.488673190564E-02      11   9   7    48
 -4.751079737906E-03 -3.531046501054E-03      16   0   0     6
 -1.592927956578E-02 -1.157246317628E-02      15   5   3    48
 -1.734648137901E-02 -1.346411417782E-02      13   9   3    48
 -9.217723869014E-03 -6.626938069528E-03      16   2   0    24
 -1.135988898772E-02 -8.527870012673E-03      14   8   0    24
 -1.808177429902E-02 -1.400141429297E-02      12  10   4    48
 -8.789280463773E-03 -6.108726536830E-03      16   2   2    24
 -1.533150667236E-02 -1.113441756094E-02      14   8   2    48
 -1.237139634896E-02 -9.466245507638E-03      10  10   8    24
 -1.130181113842E-02 -8.240131347490E-03      13   7   7    24
 -1.204577853333E-02 -8.818322324612E-03      11  11   5    24
 -1.003326627360E-02 -7.063680594376E-03      14   6   6    24
 -7.578859481167E-03 -4.886508534351E-03      16   4   0    24
 -1.113918056836E-02 -7.862313695338E-03      12   8   8    24
 -1.170375949147E-02 -7.321568276506E-03      15   7   1    48
 -8.216864860607E-03 -5.153885890221E-03      15   5   5    24
 -1.374342881993E-02 -9.298321580251E-03      13   9   5    48
 -9.667569586053E-03 -5.955560590951E-03      16   4   2    48
 -1.183984221319E-02 -7.679507003921E-03      14   8   4    48
 -1.276976978303E-02 -8.273309332197E-03      12  10   6    48
 -8.683638797562E-03 -4.795914466292E-03      15   7   3    48
 -8.467746815534E-03 -5.387858512976E-03      11   9   9    24
 -4.305865492871E-03 -2.110487229407E-03      16   4   4    24
 -4.521018947497E-03 -2.492370445549E-03      12  12   0    12
  7.309107886464E-04  1.272829983253E-03      17   1   1    24
 -7.148220851760E-03 -3.573085041425E-03      13  11   1    48
 -5.861313738679E-03 -3.181751632843E-03      11  11   7    24
 -3.406036436818E-03 -1.406671496240E-03      16   6   0    24
 -5.177877477325E-03 -2.566524028532E-03      12  12   2    24
 -3.581377682984E-03 -1.060977466401E-03      16   6   2    48
 -2.670317955588E-03 -7.603439606594E-04      14  10   0    24
 -4.168237631228E-03 -1.421371314680E-03      14   8   6    48
  2.564995702033E-03  2.836281157116E-03      17   3   1    48
 -2.447626479269E-03 -4.164019932106E-05      15   7   5    48
 -3.902226420940E-03 -1.108817584572E-03      13  11   3    48
 -4.442624252374E-03 -1.582035512545E-03      13   9   7    48
 -2.273963137981E-03  2.751697470662E-05      14  10   2    48
 -1.904083113519E-03 -7.102309066230E-04      10  10  10     8
 -1.709481831891E-03  1.756931638586E-05      12  12   4    24
  2.663487368385E-03  2.534531313372E-03      17   3   3    24
  5.091850324142E-04  2.065204578829E-03      15   9   1    48
 -1.644295663170E-04  1.364921956048E-03      16   6   4    48
 -1.428716204238E-03  6.629210723872E-04      12  10   8    48
  1.661080726477E-03  2.756761893105E-03      14  10   4    48
  4.633714918909E-03  4.052847252960E-03      17   5   1    48
  2.829749450698E-03  3.583736900631E-03      15   9   3    48
  1.589921813077E-03  2.730615614613E-03      13  11   5    48
  1.849180276063E-03  2.246570518956E-03      16   8   0    24
  5.075606344321E-03  4.195706840517E-03      17   5   3    48
  3.196442711811E-03  3.243538512538E-03      15   7   7    24
  2.322585416064E-03  2.702246898768E-03      11  11   9    24
  2.404602069785E-03  2.073983123363E-03      18   0   0     3
  3.305022680091E-03  3.577677076536E-03      16   8   2    48
  2.962292276051E-03  3.043298834613E-03      14   8   8    24
  2.597755235961E-03  2.882942157190E-03      12  12   6    24
  5.025559987104E-03  4.203943232152E-03      18   2   0    12
  2.714923984928E-03  2.722218142096E-03      16   6   6    24
  5.880346971246E-03  5.314086033410E-03      15   9   5    48
  3.302220301675E-03  3.203653628825E-03      13   9   9    24
  5.157632035031E-03  4.198770443790E-03      18   2   2    12
  5.658890271827E-03  5.113329198252E-03      14  10   6    48
  4.719135097319E-03  4.265982387131E-03      16   8   4    48
  4.995361624714E-03  3.776048988692E-03      17   7   1    48
  3.484926607170E-03  2.634199900966E-03      17   5   5    24
  4.170275547529E-03  3.600779951261E-03      13  13   1    24
  5.887424925256E-03  5.148484749197E-03      13  11   7    48
  5.186652852874E-03  4.020434748224E-03      18   4   0    12
  4.603577943777E-03  3.857816355135E-03      14  12   0    24
  7.195388313616E-03  5.452219526455E-03      18   4   2    24
  6.588855006910E-03  5.377206990745E-03      14  12   2    48
  4.385973474206E-03  3.713781821948E-03      12  10  10    24
  4.474580058016E-03  3.236034487535E-03      17   7   3    48
  7.098270752885E-03  5.637065013904E-03      15  11   1    48
  4.298266018678E-03  3.505721650083E-03      13  13   3    24
  4.498633930898E-03  3.608975762310E-03      12  12   8    24
  6.800114625161E-03  5.165496021817E-03      15  11   3    48
  6.598933227299E-03  5.043312142286E-03      15   9   7    48
  4.425077802836E-03  3.122165611367E-03      18   4   4    12
  3.682089049540E-03  2.853524117647E-03      16  10   0    24
  5.125592875107E-03  3.995498729225E-03      16   8   6    48
  6.211952348607E-03  4.725155936449E-03      14  12   4    48
  4.140346612136E-03  2.841689992560E-03      18   6   0    12
  5.020814120201E-03  3.800405343312E-03      16  10   2    48
  5.874809480462E-03  4.386314311131E-03      14  10   8    48
  2.910764153988E-03  1.848211532293E-03      17   7   5    48
  3.770880498599E-03  2.792516297894E-03      13  13   5    24
  2.487472268601E-03  1.862407335819E-03      11  11  11     8
  5.348205622094E-03  3.560700081763E-03      18   6   2    24
  1.948156396415E-03  1.060861817415E-03      17   9   1    48
  5.303388496660E-03  3.666288220825E-03      15  11   5    48
  4.910464198892E-03  3.487308645892E-03      13  11   9    48
  4.133414010392E-03  2.900843402103E-03      16  10   4    48
  3.616160853562E-03  2.094350856987E-03      18   6   4    24
  4.207465859862E-03  2.802374346705E-03      14  12   6    48
  1.032714702631E-03  3.477212037782E-04      17   9   3    48
  2.130417737476E-03  1.358329281498E-03      16   8   8    24
  1.863458159102E-04 -1.632189365694E-04      17   7   7    24
  2.205754514291E-03  1.301763416520E-03      15   9   9    24
  1.894768208986E-03  1.124376031615E-03      13  13   7    24
  1.268253668231E-03  4.628898579917E-04      18   8   0    12
  2.202445628011E-03  1.345545914959E-03      12  12  10    24
  1.208836802799E-03  2.142137986067E-04      18   8   2    24
  2.124315083828E-03  1.182164091686E-03      16  10   6    48
  7.374413891122E-04  2.732004157198E-04      14  14   0    12
 -5.952690622000E-04 -8.519342839631E-04      17   9   5    48
  1.708981907427E-03  7.189240365462E-04      15  13   1    48
  2.087356867257E-03  1.009012331166E-03      15  11   7    48
  4.657870696019E-04 -1.367629961453E-04      18   6   6    12
  6.638051293374E-04  1.006960649865E-04      14  14   2    24
  1.074313473380E-03  4.379188220554E-04      14  10  10    24
  9.074285593048E-04  3.610151379032E-04      16  12   0    24
  6.932826480419E-04 -3.943231275218E-05      15  13   3    48
 -3.979212693559E-04 -9.490502890736E-04      18   8   4    24
  8.957878341376E-04  2.192091873635E-04      16  12   2    48
  5.925787284489E-04 -6.940675924357E-05      14  12   8    48
 -3.512665019267E-04 -6.354682241730E-04      14  14   4    24
 -1.791225991064E-03 -1.669058372091E-03      17  11   1    48
  7.553254310292E-05 -2.916229198286E-04      13  11  11    24
 -1.450390395600E-04 -5.311173021604E-04      16  12   4    48
 -2.126437505194E-03 -1.852961433164E-03      17  11   3    48
 -2.036329667858E-03 -1.775607718089E-03      17   9   7    48
 -9.641338777682E-04 -1.203441093024E-03      15  13   5    48
 -5.761478320475E-04 -7.283065546146E-04      13  13   9    24
 -4.207735126753E-04 -7.147608034186E-04      16  10   8    48
 -1.701580972506E-03 -1.610652294426E-03      18  10   0    12
 -2.261699846024E-03 -2.163642049257E-03      18   8   6    24
 -1.399734967436E-03 -1.486573951441E-03      15  11   9    48
 -2.629758107463E-03 -2.395841959775E-03      18  10   2    24
 -1.479006290441E-03 -1.371296554607E-03      14  14   6    24
 -5.520395716305E-04 -5.650424620229E-04      12  12  12     8
 -2.378380408451E-03 -1.901412223558E-03      17  11   5    48
 -1.296716474150E-03 -1.273268783877E-03      16  12   6    48
 -3.037162109091E-03 -2.548036197526E-03      18  10   4    24
 -2.159482665362E-03 -1.894119310756E-03      14  12  10    48
 -2.252506075661E-03 -1.951675323014E-03      15  13   7    48
 -1.440885267061E-03 -1.070221016149E-03      17   9   9    24
 -1.844576549340E-03 -1.533315609738E-03      15  15   1    24
 -2.080898659578E-03 -1.648642008673E-03      18   8   8    12
 -1.324300316771E-03 -1.100616108988E-03      16  14   0    24
 -1.862712003404E-03 -1.517112112344E-03      16  14   2    48
 -1.227325886081E-03 -1.022039400360E-03      16  10  10    24
 -1.828468401334E-03 -1.433182050802E-03      14  14   8    24
 -1.689463590665E-03 -1.189714969031E-03      17  13   1    48
 -1.865609846089E-03 -1.340147106908E-03      17  11   7    48
 -1.847920678539E-03 -1.477531400174E-03      15  15   3    24
 -1.476179483051E-03 -1.173893238524E-03      13  13  11    24
 -2.897168005488E-03 -2.206641925014E-03      18  10   6    24
 -1.651438731323E-03 -1.326709224028E-03      16  12   8    48
 -1.348478457162E-03 -8.958167995300E-04      17  13   3    48
 -1.652908702244E-03 -1.282084018786E-03      15  11  11    24
 -1.801347882750E-03 -1.320128574249E-03      18  12   0    12
 -1.714504820845E-03 -1.318676791398E-03      16  14   4    48
 -2.369618985241E-03 -1.699371264534E-03      18  12   2    24
 -1.629770310161E-03 -1.213858436062E-03      15  15   5    24
 -2.045573479269E-03 -1.508840321456E-03      15  13   9    48
 -6.412454870300E-04 -3.197654000272E-04      17  13   5    48
 -1.772943093255E-03 -1.169425077338E-03      18  12   4    24
 -1.106815276947E-03 -7.731801951156E-04      14  12  12    24
 -1.606865385114E-03 -1.019420062810E-03      18  10   8    24
 -1.185810869266E-03 -8.157056567060E-04      16  14   6    48
 -4.714130606321E-04 -1.830721350297E-04      17  11   9    48
 -9.460540763265E-04 -5.979612771135E-04      14  14  10    24
 -9.645220052988E-04 -6.197023689834E-04      15  15   7    24
 -8.424394440642E-04 -5.384544742130E-04      16  12  10    48
 -7.047222720955E-04 -3.009468537376E-04      18  12   6    24
  2.947742215281E-04  3.798273741797E-04      17  13   7    48
 -1.505481971638E-04 -5.184228293072E-05      13  13  13     8
 -2.049023301871E-04 -1.052884195731E-04      16  16   0    12
  3.879692014621E-04  4.731158981264E-04      17  15   1    48
 -4.682975975343E-04 -1.773789976861E-04      15  13  11    48
 -2.234827350620E-04 -9.697987605723E-05      16  16   2    24
 -2.663479214559E-04 -6.672443295693E-05      16  14   8    48
  1.816086353749E-04  3.214621435223E-04      18  14   0    12
  6.196508407005E-04  6.268812774078E-04      17  15   3    48
  4.343903534197E-04  5.784553083659E-04      18  14   2    24
  1.656143034490E-04  2.910685474989E-04      18  10  10    12
 -4.184703359064E-05  4.065591303010E-05      16  16   4    24
  5.142909194599E-04  4.713288551415E-04      17  11  11    24
 -2.989143540222E-05  1.079778175440E-04      15  15   9    24
  5.193445626964E-04  5.926067495629E-04      18  12   8    24
  8.614449365182E-04  8.608328241183E-04      18  14   4    24
  3.569260537302E-04  3.834427432799E-04      14  14  12    24
  9.132451304325E-04  7.976507215502E-04      17  15   5    48
  9.383818170184E-04  7.827384658970E-04      17  13   9    48
  1.764558430357E-04  2.058836040168E-04      16  12  12    24
  1.729097201395E-04  1.899174182718E-04      16  16   6    24
  4.971668800741E-04  4.701511397239E-04      16  14  10    48
  1.225184827315E-03  1.048340803113E-03      18  14   6    24
  9.722038606473E-04  7.606435770357E-04      17  15   7    48
  5.636913926041E-04  4.849454000317E-04      15  13  13    24
  1.080239666966E-03  8.867073759586E-04      18  12  10    24
  5.320996288635E-04  4.645981588779E-04      15  15  11    24
  2.805842392145E-04  2.391779616756E-04      16  16   8    24
  2.823457962298E-04  1.534662689594E-04      17  17   1    24
  6.895719202982E-04  4.886442090859E-04      17  13  11    48
  5.437169050110E-04  4.302460046063E-04      18  16   0    12
  7.392990639594E-04  5.747925757370E-04      18  16   2    24
  1.145494974891E-03  8.658982920705E-04      18  14   8    24
  1.630562889512E-04  6.023129708477E-05      17  17   3    24
  4.082028327491E-04  3.081998415092E-04      14  14  14     8
  6.086884808259E-04  4.072949886496E-04      17  15   9    48
  6.256765604851E-04  4.597291036403E-04      18  16   4    24
  4.885203127706E-04  3.677276432277E-04      16  14  12    48
 -4.289576506947E-05 -9.318416767754E-05      17  17   5    24
  3.671581211572E-04  2.351685679575E-04      18  12  12    12
  1.951948063322E-04  1.395408262147E-04      16  16  10    24
  3.740720970980E-04  2.371037015036E-04      18  16   6    24
  3.699891807510E-04  2.537085284117E-04      15  15  13    24
  5.071738628726E-04  2.945519674763E-04      18  14  10    24
 -2.647392696320E-04 -2.429311286604E-04      17  17   7    24
 -9.431107345939E-05 -1.219122106200E-04      17  13  13    24
 -5.431433676025E-07 -7.200026008147E-05      17  15  11    48
  1.686105235065E-05 -4.690747673642E-05      18  16   8    24
 -8.380324703526E-05 -1.276253141056E-04      18  18   0     3
  6.577895448249E-06 -3.052012866817E-05      16  14  14    24
 -1.710026813827E-04 -2.169618805366E-04      18  18   2     6
 -7.319867006463E-07 -1.983207108816E-05      16  16  12    24
 -3.536041317246E-04 -2.774921084903E-04      17  17   9    24
 -2.931003609770E-04 -2.962579499561E-04      18  18   4     6
 -2.667419134427E-04 -2.812403178172E-04      18  14  12    24
 -1.476648597052E-05 -3.342109287846E-05      15  15  15     8
 -2.353463815935E-04 -2.175991827718E-04      18  16  10    24
 -3.683727769735E-04 -3.025301989360E-04      17  15  13    48
 -3.983470343969E-04 -3.469738790839E-04      18  18   6     6
 -1.898471612863E-04 -1.235122301762E-04      17  17  11    24
 -9.687089212582E-05 -7.959958090095E-05      16  16  14    24
 -3.848044810136E-04 -2.958186062564E-04      18  18   8     6
 -3.351602433509E-04 -2.604551351175E-04      18  14  14    12
 -2.035120397469E-04 -1.514829380668E-04      18  16  12    24
 -1.390664485430E-04 -9.293387774932E-05      17  15  15    24
  7.216196571421E-05  8.217240607265E-05      17  17  13    24
 -1.966372866083E-04 -1.210865981739E-04      18  18  10     6
 -8.914199548332E-06 -4.476628673682E-06      16  16  16     8
 -1.945229891473E-05  9.998253059770E-06      18  16  14    24
  6.390775479784E-05  7.999843045320E-05      18  18  12     6
  1.198815628795E-04  9.901205069229E-05      17  17  15    24
  4.248506408313E-05  3.534495945039E-05      18  16  16    12
  1.590874787828E-04  1.323149767436E-04      18  18  14     6
 -1.535262720202E-05 -2.144032533824E-05      17  17  17     8
  2.106224090902E-05  7.360601180594E-06      18  18  16     6
 -3.890440444505E-05 -3.637396256901E-05      18  18  18     1
