 format  1  0
dim                 
                   3
crystal_system      
             'cubic'
N_cell_param        
                   1
cell_param          
    3.8336179423E+00
group_name          
          'F m -3 m'
N_monomer           
                   2
N_star              
                 385
  2.500000000000E-01  7.500000000000E-01       0   0   0     1
  2.459674652446E-01 -2.459673015039E-01       1   1   1     8
  1.588628152461E-01 -1.588627819133E-01       2   0   0     6
  3.030293051904E-02 -3.030299645960E-02       2   2   0    12
 -2.197621868817E-02  2.197610400536E-02       3   1   1    24
 -2.415705050181E-02  2.415701751244E-02       2   2   2     8
 -1.848440673325E-02  1.848439175369E-02       4   0   0     6
 -3.761133529859E-02  3.761135012615E-02       3   3   1    24
 -3.097916104807E-02  3.097918288589E-02       4   2   0    24
 -1.852522578819E-02  1.852525026947E-02       4   2   2    24
 -7.166741675191E-03  7.166805859364E-03       5   1   1    24
 -5.429367334975E-03  5.429361959482E-03       3   3   3     8
  2.607563609303E-03 -2.607539159182E-03       4   4   0    12
  9.636718319205E-03 -9.636697389566E-03       5   3   1    48
  3.190291824706E-03 -3.190240735631E-03       6   0   0     6
  7.873357195871E-03 -7.873354744600E-03       4   4   2    24
  8.126212951892E-03 -8.126210195429E-03       6   2   0    24
  9.284796409186E-03 -9.284811559852E-03       5   3   3    24
  8.070905176334E-03 -8.070927677794E-03       6   2   2    24
  4.544326589380E-03 -4.544347537935E-03       4   4   4     8
  4.419463428812E-03 -4.419468302635E-03       7   1   1    24
  5.731665532693E-03 -5.731648563073E-03       5   5   1    24
  4.911934250282E-03 -4.911949846993E-03       6   4   0    24
  4.344180632975E-03 -4.344175042950E-03       6   4   2    48
  1.818994042495E-03 -1.819063020097E-03       7   3   1    48
  1.918859964316E-03 -1.918850463598E-03       5   5   3    24
 -2.934267893649E-04  2.934512846157E-04       8   0   0     6
 -1.096962994524E-03  1.096955802540E-03       7   3   3    24
 -1.366161092581E-03  1.366132406417E-03       8   2   0    24
 -1.237903067092E-03  1.237908169438E-03       6   4   4    24
 -1.881593477913E-03  1.881561359665E-03       8   2   2    24
 -1.502140116219E-03  1.502137755737E-03       6   6   0    12
 -3.287659099144E-03  3.287666030630E-03       7   5   1    48
 -1.332432110863E-03  1.332428572391E-03       5   5   5     8
 -2.412325264200E-03  2.412345152261E-03       6   6   2    24
 -2.237323720917E-03  2.237314742157E-03       8   4   0    24
 -1.798775735865E-03  1.798802624399E-03       9   1   1    24
 -3.293129270261E-03  3.293147701722E-03       7   5   3    48
 -2.965355678833E-03  2.965370140879E-03       8   4   2    48
 -2.072280088935E-03  2.072281180902E-03       6   6   4    24
 -1.880339432895E-03  1.880336041733E-03       9   3   1    48
 -1.144654242711E-03  1.144653463062E-03       8   4   4    24
 -6.824831603063E-04  6.824996020765E-04       9   3   3    24
 -8.571906543547E-04  8.571720092541E-04       7   7   1    24
 -9.683651406576E-04  9.683543920733E-04       7   5   5    24
 -1.865437190047E-04  1.865687335623E-04      10   0   0     6
 -7.136235092983E-04  7.136196434372E-04       8   6   0    24
 -1.231717760975E-04  1.231752798094E-04      10   2   0    24
 -5.241218174119E-04  5.241223196070E-04       8   6   2    48
 -7.752606729962E-05  7.755189761071E-05       9   5   1    48
 -1.694658704452E-04  1.694600447368E-04       7   7   3    24
  1.011279761387E-04 -1.011238085210E-04      10   2   2    24
 -9.606034043655E-05  9.605891974624E-05       6   6   6     8
  5.324713436403E-04 -5.324659304516E-04       9   5   3    48
  4.477765022855E-04 -4.477735433140E-04      10   4   0    24
  5.504915999520E-04 -5.505051428877E-04       8   6   4    48
  7.800842864671E-04 -7.800632501480E-04      10   4   2    48
  5.608041433483E-04 -5.608074436928E-04      11   1   1    24
  6.145394324103E-04 -6.145372206245E-04       7   7   5    24
  5.015689468872E-04 -5.015756874671E-04       8   8   0    12
  8.115818454861E-04 -8.115978687454E-04      11   3   1    48
  9.840314629651E-04 -9.840313713527E-04       9   7   1    48
  6.798139976738E-04 -6.798261093746E-04       9   5   5    24
  6.382820258909E-04 -6.382787038056E-04      10   4   4    24
  7.014837616881E-04 -7.014886055415E-04       8   8   2    24
  6.142380856226E-04 -6.142298785669E-04      10   6   0    24
  6.700563617787E-04 -6.700539881328E-04       8   6   6    24
  4.936267250798E-04 -4.936186846315E-04      11   3   3    24
  8.642845489656E-04 -8.642860598398E-04       9   7   3    48
  7.855704844481E-04 -7.855638211506E-04      10   6   2    48
  1.589015246777E-04 -1.589027288433E-04      12   0   0     6
  5.334147685880E-04 -5.334105228411E-04       8   8   4    24
  5.092757866115E-04 -5.092752695854E-04      11   5   1    48
  2.825414189346E-04 -2.825356644704E-04       7   7   7     8
  2.536965238151E-04 -2.537080038971E-04      12   2   0    24
  1.871420800681E-04 -1.871475290437E-04      12   2   2    24
  4.491922017460E-04 -4.491973883406E-04      10   6   4    48
  2.893003775815E-04 -2.892969407618E-04      11   5   3    48
  3.989435950574E-04 -3.989401636272E-04       9   7   5    48
  5.759670908978E-05 -5.760519315171E-05      12   4   0    24
  8.050561622881E-05 -8.049517930952E-05       9   9   1    24
 -6.796922187257E-07  6.841692424536E-07      12   4   2    48
  5.466983418970E-05 -5.466371707646E-05      10   8   0    24
  9.904962060061E-05 -9.904960336815E-05       8   8   6    24
 -1.600737582725E-05  1.601283926413E-05      10   8   2    48
 -1.073593946820E-04  1.073698258786E-04      13   1   1    24
 -9.729586430823E-05  9.729394188399E-05      11   7   1    48
 -5.993887366905E-05  5.994012812378E-05      11   5   5    24
 -5.045005787996E-05  5.045395130434E-05       9   9   3    24
 -5.443591461847E-05  5.443978595146E-05      10   6   6    24
 -1.323983566786E-04  1.323964319793E-04      12   4   4    24
 -2.238472568079E-04  2.238611351888E-04      13   3   1    48
 -2.100042136128E-04  2.100032124834E-04      11   7   3    48
 -1.295698653526E-04  1.295671630933E-04       9   7   7    24
 -1.639043255465E-04  1.639043817411E-04      12   6   0    24
 -2.142406082865E-04  2.142413498122E-04      10   8   4    48
 -2.581638992616E-04  2.581614814153E-04      12   6   2    48
 -1.822405564493E-04  1.822428926344E-04      13   3   3    24
 -1.936012689757E-04  1.935987257728E-04       9   9   5    24
 -1.184220701239E-04  1.184181653565E-04       8   8   8     8
 -2.593143534387E-04  2.593164937957E-04      13   5   1    48
 -2.874598647587E-04  2.874592727252E-04      11   7   5    48
 -7.510806743322E-05  7.510817508767E-05      14   0   0     6
 -2.769670746194E-04  2.769657523292E-04      12   6   4    48
 -1.406787053465E-04  1.406797365931E-04      14   2   0    24
 -1.450303709719E-04  1.450257030088E-04      10  10   0    12
 -2.876171231561E-04  2.876114730674E-04      10   8   6    48
 -2.318471263435E-04  2.318444990063E-04      13   5   3    48
 -2.717833796508E-04  2.717745970003E-04      11   9   1    48
 -1.283637137603E-04  1.283635607783E-04      14   2   2    24
 -1.921140376468E-04  1.921079020727E-04      10  10   2    24
 -1.625965189412E-04  1.625912899014E-04      12   8   0    24
 -2.227054871247E-04  2.226978804998E-04      11   9   3    48
 -1.682959867313E-04  1.682892376162E-04       9   9   7    24
 -9.827210179645E-05  9.827114351683E-05      14   4   0    24
 -2.026095671762E-04  2.026027083150E-04      12   8   2    48
 -1.148850779724E-04  1.148812722652E-04      14   4   2    48
 -1.229304479239E-04  1.229281089121E-04      12   6   6    24
 -1.352640446002E-04  1.352583959353E-04      10  10   4    24
 -1.322821656050E-04  1.322768074590E-04      13   7   1    48
 -9.396901507454E-05  9.396628518616E-05      13   5   5    24
 -1.167076392227E-04  1.167031072841E-04      11   7   7    24
 -1.122878427539E-04  1.122816709827E-04      12   8   4    48
 -9.388063057869E-06  9.383512913661E-06      15   1   1    24
 -7.563619327899E-05  7.563057049837E-05      13   7   3    48
 -1.001179018976E-04  1.001104655333E-04      11   9   5    48
 -2.991847489702E-05  2.991439547128E-05      14   4   4    24
 -7.328391771267E-05  7.327725805078E-05      10   8   8    24
 -1.354077867971E-05  1.353719986975E-05      14   6   0    24
  2.423037248686E-05 -2.423701207346E-05      15   3   1    48
  1.662146687052E-06 -1.667821541016E-06      14   6   2    48
 -2.732419610664E-05  2.731860437877E-05      10  10   6    24
  3.826013027935E-05 -3.826501137863E-05      15   3   3    24
  1.970502840572E-05 -1.971104791201E-05      13   7   5    48
  1.544144388239E-05 -1.545018440354E-05      11  11   1    24
 -4.548792334804E-08  4.175881463115E-08       9   9   9     8
  1.946744923971E-05 -1.947583816930E-05      12  10   0    24
  1.974855159215E-05 -1.975525992308E-05      12   8   6    48
  5.061142307719E-05 -5.061741608727E-05      14   6   4    48
  4.558806735437E-05 -4.559784698240E-05      12  10   2    48
  7.533056932584E-05 -7.533658092521E-05      15   5   1    48
  5.692884069411E-05 -5.693738119397E-05      13   9   1    48
  4.021170642658E-05 -4.021762956361E-05      11  11   3    24
  4.708811013284E-05 -4.709511757595E-05      11   9   7    48
  2.440179158756E-05 -2.440367655202E-05      16   0   0     6
  8.714007514752E-05 -8.714594145169E-05      15   5   3    48
  7.765125321944E-05 -7.765791819700E-05      13   9   3    48
  5.181789100602E-05 -5.182157025660E-05      16   2   0    24
  5.664278966180E-05 -5.664688246790E-05      14   8   0    24
  8.161060555897E-05 -8.161686494995E-05      12  10   4    48
  5.361314805733E-05 -5.361666115419E-05      16   2   2    24
  8.394497382728E-05 -8.395037619950E-05      14   8   2    48
  5.810556981830E-05 -5.810985141004E-05      10  10   8    24
  6.123598263893E-05 -6.123990756004E-05      13   7   7    24
  6.455083233632E-05 -6.455423313129E-05      11  11   5    24
  5.939422012522E-05 -5.939810015217E-05      14   6   6    24
  5.384868372599E-05 -5.385171426168E-05      16   4   0    24
  6.553932520669E-05 -6.554283627402E-05      12   8   8    24
  8.764594235878E-05 -8.764984798887E-05      15   7   1    48
  6.126176379151E-05 -6.126521555858E-05      15   5   5    24
  8.890481014673E-05 -8.890954344720E-05      13   9   5    48
  7.424239405692E-05 -7.424632940384E-05      16   4   2    48
  8.320946440564E-05 -8.321405865528E-05      14   8   4    48
  8.993108882068E-05 -8.993474074272E-05      12  10   6    48
  7.775658763579E-05 -7.776019128806E-05      15   7   3    48
  6.159919267532E-05 -6.160186665783E-05      11   9   9    24
  4.390877662879E-05 -4.391087082357E-05      16   4   4    24
  4.057307141537E-05 -4.057433976157E-05      12  12   0    12
  1.083883119922E-05 -1.083957243828E-05      17   1   1    24
  7.150310641652E-05 -7.150537502761E-05      13  11   1    48
  5.359206471701E-05 -5.359372584570E-05      11  11   7    24
  3.998812497811E-05 -3.998977191841E-05      16   6   0    24
  5.222706510143E-05 -5.222824859893E-05      12  12   2    24
  5.040911534169E-05 -5.041121143683E-05      16   6   2    48
  3.819996314553E-05 -3.820135954691E-05      14  10   0    24
  5.493919806866E-05 -5.494232133576E-05      14   8   6    48
  5.425912950670E-06 -5.426387970446E-06      17   3   1    48
  4.812143047396E-05 -4.812424566417E-05      15   7   5    48
  5.586844065581E-05 -5.586970629827E-05      13  11   3    48
  5.721316528117E-05 -5.721564075831E-05      13   9   7    48
  4.603027961692E-05 -4.603193349877E-05      14  10   2    48
  2.387747087235E-05 -2.387834299564E-05      10  10  10     8
  3.454100569030E-05 -3.454138278408E-05      12  12   4    24
 -2.579220689732E-06  2.579302409036E-06      17   3   3    24
  3.112092902852E-05 -3.112205637853E-05      15   9   1    48
  3.058794457581E-05 -3.058952463776E-05      16   6   4    48
  4.183344740621E-05 -4.183477447939E-05      12  10   8    48
  2.191439756818E-05 -2.191560532937E-05      14  10   4    48
 -1.161745997070E-05  1.161767320356E-05      17   5   1    48
  1.508038218498E-05 -1.508137280398E-05      15   9   3    48
  2.281428985773E-05 -2.281490310745E-05      13  11   5    48
  7.948014218071E-06 -7.948391988284E-06      16   8   0    24
 -1.759830426267E-05  1.759887005192E-05      17   5   3    48
  9.424765459419E-07 -9.433512017547E-07      15   7   7    24
  7.593451320880E-06 -7.593806407833E-06      11  11   9    24
 -6.612426822162E-06  6.612579276834E-06      18   0   0     3
  5.453371184343E-06 -5.453819386174E-06      16   8   2    48
  1.620658932182E-06 -1.621412633242E-06      14   8   8    24
  5.703886583862E-06 -5.703942220473E-06      12  12   6    24
 -1.643258979292E-05  1.643307444347E-05      18   2   0    12
  1.462256024349E-07 -1.467936633594E-07      16   6   6    24
 -1.132458957420E-05  1.132385590626E-05      15   9   5    48
 -1.971016599369E-06  1.970649956287E-06      13   9   9    24
 -1.917762412595E-05  1.917828557360E-05      18   2   2    12
 -1.091049565366E-05  1.090975947375E-05      14  10   6    48
 -9.062796829087E-06  9.062480326333E-06      16   8   4    48
 -2.438624559545E-05  2.438658981922E-05      17   7   1    48
 -1.701477025226E-05  1.701521152068E-05      17   5   5    24
 -1.139052576093E-05  1.139166292556E-05      13  13   1    24
 -1.477837543672E-05  1.477816275904E-05      13  11   7    48
 -2.332477792671E-05  2.332551565035E-05      18   4   0    12
 -1.491571490147E-05  1.491673401021E-05      14  12   0    24
 -3.486409578473E-05  3.486531640960E-05      18   4   2    24
 -2.423328586444E-05  2.423433086701E-05      14  12   2    48
 -1.344363087137E-05  1.344353560321E-05      12  10  10    24
 -2.477105754157E-05  2.477153352501E-05      17   7   3    48
 -2.922426531380E-05  2.922507687417E-05      15  11   1    48
 -1.585101762033E-05  1.585161795893E-05      13  13   3    24
 -1.779296113638E-05  1.779299340227E-05      12  12   8    24
 -3.269209336985E-05  3.269235064750E-05      15  11   3    48
 -3.111199470597E-05  3.111172265702E-05      15   9   7    48
 -2.605879629926E-05  2.605971304942E-05      18   4   4    12
 -1.657123600706E-05  1.657141338299E-05      16  10   0    24
 -2.260172367136E-05  2.260162929837E-05      16   8   6    48
 -2.973553753050E-05  2.973566800664E-05      14  12   4    48
 -2.597334720419E-05  2.597392115089E-05      18   6   0    12
 -2.440801021941E-05  2.440814876952E-05      16  10   2    48
 -2.976933879887E-05  2.976898534779E-05      14  10   8    48
 -2.125117915451E-05  2.125152919335E-05      17   7   5    48
 -1.956693163536E-05  1.956686220068E-05      13  13   5    24
 -1.250111507745E-05  1.250102745838E-05      11  11  11     8
 -3.575052236935E-05  3.575142270454E-05      18   6   2    24
 -1.774556155603E-05  1.774538350237E-05      17   9   1    48
 -3.274133426946E-05  3.274095993347E-05      15  11   5    48
 -2.846261230681E-05  2.846234760476E-05      13  11   9    48
 -2.465110490036E-05  2.465099390179E-05      16  10   4    48
 -3.043665705483E-05  3.043748986141E-05      18   6   4    24
 -2.810109295135E-05  2.810057036597E-05      14  12   6    48
 -1.369966685752E-05  1.369954999275E-05      17   9   3    48
 -1.544167611250E-05  1.544168036779E-05      16   8   8    24
 -6.991274368482E-06  6.991327007065E-06      17   7   7    24
 -1.807948246150E-05  1.807925257761E-05      15   9   9    24
 -1.540742793285E-05  1.540707981598E-05      13  13   7    24
 -1.610713776756E-05  1.610716133897E-05      18   8   0    12
 -1.713757289850E-05  1.713725824128E-05      12  12  10    24
 -1.989236552584E-05  1.989246279787E-05      18   8   2    24
 -1.884268234273E-05  1.884241822317E-05      16  10   6    48
 -9.284161540932E-06  9.283680070465E-06      14  14   0    12
 -5.133181830506E-06  5.133044612327E-06      17   9   5    48
 -1.980007496663E-05  1.979934861340E-05      15  13   1    48
 -2.156620313146E-05  2.156557957731E-05      15  11   7    48
 -1.205114305415E-05  1.205142057676E-05      18   6   6    12
 -1.126125360382E-05  1.126047006393E-05      14  14   2    24
 -1.272741976497E-05  1.272698280208E-05      14  10  10    24
 -1.092782360087E-05  1.092753991924E-05      16  12   0    24
 -1.465324200136E-05  1.465229815211E-05      15  13   3    48
 -1.102258588845E-05  1.102268197314E-05      18   8   4    24
 -1.353095464139E-05  1.353047947394E-05      16  12   2    48
 -1.323910893498E-05  1.323845909462E-05      14  12   8    48
 -5.683243615697E-06  5.682371694972E-06      14  14   4    24
  2.443871042227E-06 -2.444584833127E-06      17  11   1    48
 -7.342634643782E-06  7.342136976578E-06      13  11  11    24
 -7.721051560620E-06  7.720502622734E-06      16  12   4    48
  5.469838133194E-06 -5.470399717588E-06      17  11   3    48
  5.214462903773E-06 -5.214599874606E-06      17   9   7    48
 -4.785361552956E-06  4.784408722257E-06      15  13   5    48
 -3.042901906763E-06  3.042529974231E-06      13  13   9    24
 -5.879523430942E-06  5.879248213306E-06      16  10   8    48
  1.818925485449E-06 -1.819403981889E-06      18  10   0    12
  1.961208411655E-06 -1.961285265771E-06      18   8   6    24
 -1.736297369704E-06  1.735670525749E-06      15  11   9    48
  4.678709851809E-06 -4.679294834249E-06      18  10   2    24
  2.154599486393E-06 -2.155248540581E-06      14  14   6    24
 -2.598199442648E-07  2.595284751490E-07      12  12  12     8
  9.539387330876E-06 -9.539690996395E-06      17  11   5    48
  4.692251880964E-07 -4.696670559775E-07      16  12   6    48
  9.782676294155E-06 -9.783061978377E-06      18  10   4    24
  5.307589001381E-06 -5.308146728820E-06      14  12  10    48
  6.016894054626E-06 -6.017484709776E-06      15  13   7    48
  7.413101768166E-06 -7.413078659860E-06      17   9   9    24
  6.226032297178E-06 -6.227100153843E-06      15  15   1    24
  8.645120218160E-06 -8.645210642327E-06      18   8   8    12
  4.474132178990E-06 -4.474806669610E-06      16  14   0    24
  6.912451257676E-06 -6.913235868254E-06      16  14   2    48
  4.105736633814E-06 -4.105876183166E-06      16  10  10    24
  7.905672492011E-06 -7.905893473508E-06      14  14   8    24
  9.994768962254E-06 -9.995008279297E-06      17  13   1    48
  1.050899743367E-05 -1.050900859579E-05      17  11   7    48
  7.408284412783E-06 -7.409068450926E-06      15  15   3    24
  6.045791115058E-06 -6.046037652064E-06      13  13  11    24
  1.381045561091E-05 -1.381062647951E-05      18  10   6    24
  6.494569606195E-06 -6.494759339172E-06      16  12   8    48
  9.052802413006E-06 -9.052758501029E-06      17  13   3    48
  7.416543331259E-06 -7.416786219979E-06      15  11  11    24
  9.624420833436E-06 -9.624725073170E-06      18  12   0    12
  7.916595518361E-06 -7.916954761302E-06      16  14   4    48
  1.340488121221E-05 -1.340517572478E-05      18  12   2    24
  8.318286537298E-06 -8.318620505264E-06      15  15   5    24
  1.073446258802E-05 -1.073457505046E-05      15  13   9    48
  6.428974619045E-06 -6.428613613334E-06      17  13   5    48
  1.207003365556E-05 -1.207001950217E-05      18  12   4    24
  6.672571649440E-06 -6.672631016952E-06      14  12  12    24
  1.174857494580E-05 -1.174847453974E-05      18  10   8    24
  7.401787640923E-06 -7.401726428496E-06      16  14   6    48
  5.766337935155E-06 -5.766065374986E-06      17  11   9    48
  6.961500570201E-06 -6.961372119219E-06      14  14  10    24
  6.896108432488E-06 -6.896049637793E-06      15  15   7    24
  6.079433137533E-06 -6.079347749976E-06      16  12  10    48
  8.075026463810E-06 -8.074761269712E-06      18  12   6    24
  1.700501800185E-06 -1.700049398684E-06      17  13   7    48
  1.973955095173E-06 -1.973875103219E-06      13  13  13     8
  1.992174514264E-06 -1.992189076829E-06      16  16   0    12
  1.702115689450E-06 -1.701656464697E-06      17  15   1    48
  5.817899836484E-06 -5.817659997279E-06      15  13  11    48
  2.529876573557E-06 -2.529843433910E-06      16  16   2    24
  3.992045300919E-06 -3.991767117033E-06      16  14   8    48
  2.796440659587E-06 -2.796093838974E-06      18  14   0    12
  1.438020399735E-07 -1.432513616362E-07      17  15   3    48
  2.880389760899E-06 -2.879830392070E-06      18  14   2    24
  2.508716908103E-06 -2.508470433514E-06      18  10  10    12
  1.649830183859E-06 -1.649700287323E-06      16  16   4    24
 -8.595504567845E-07  8.598061081352E-07      17  11  11    24
  2.756986456053E-06 -2.756730276129E-06      15  15   9    24
  1.464786268160E-06 -1.464432196336E-06      18  12   8    24
 -1.310690352338E-08  1.375514413996E-08      18  14   4    24
  5.299323586980E-07 -5.296485581963E-07      14  14  12    24
 -2.312536217065E-06  2.313090504366E-06      17  15   5    48
 -3.113184346818E-06  3.113534283789E-06      17  13   9    48
  5.883285659903E-07 -5.881681504079E-07      16  12  12    24
  3.399502394138E-07 -3.397856809506E-07      16  16   6    24
 -5.406604325267E-07  5.409542057088E-07      16  14  10    48
 -3.537482206250E-06  3.538041994117E-06      18  14   6    24
 -4.231514730530E-06  4.231885184577E-06      17  15   7    48
 -1.575212190005E-06  1.575450754512E-06      15  13  13    24
 -3.870936678150E-06  3.871236862680E-06      18  12  10    24
 -1.350330090633E-06  1.350574431235E-06      15  15  11    24
 -8.282401944463E-07  8.283604509716E-07      16  16   8    24
 -2.577596375953E-06  2.577810652201E-06      17  17   1    24
 -4.018600164127E-06  4.018755440896E-06      17  13  11    48
 -2.269734398121E-06  2.270047688997E-06      18  16   0    12
 -3.290495372526E-06  3.290886205337E-06      18  16   2    24
 -5.592122856296E-06  5.592420865760E-06      18  14   8    24
 -2.056368688633E-06  2.056460584087E-06      17  17   3    24
 -2.000173713328E-06  2.000296019705E-06      14  14  14     8
 -4.027846362944E-06  4.027968883931E-06      17  15   9    48
 -3.319111888708E-06  3.319359484810E-06      18  16   4    24
 -2.415981421667E-06  2.416134780180E-06      16  14  12    48
 -1.005498474493E-06  1.005432400488E-06      17  17   5    24
 -2.639777333249E-06  2.639839668172E-06      18  12  12    12
 -1.113103040679E-06  1.113153971606E-06      16  16  10    24
 -2.739315815865E-06  2.739387203267E-06      18  16   6    24
 -2.325673139845E-06  2.325771950024E-06      15  15  13    24
 -4.252307075810E-06  4.252353463607E-06      18  14  10    24
  4.364306494085E-07 -4.365751715710E-07      17  17   7    24
 -5.518878977683E-07  5.518425504576E-07      17  13  13    24
 -1.428955307528E-06  1.428912393557E-06      17  15  11    48
 -1.275209353767E-06  1.275158184683E-06      18  16   8    24
 -8.762955087533E-07  8.763095749519E-07      18  18   0     3
 -7.418944282101E-07  7.418873504020E-07      16  14  14    24
 -9.189338881129E-07  9.189125935380E-07      18  18   2     6
 -3.819597971134E-07  3.819576114579E-07      16  16  12    24
  1.522376983068E-06 -1.522494808479E-06      17  17   9    24
 -6.283417526745E-08  6.272865426346E-08      18  18   4     6
 -2.897260622905E-07  2.896279048442E-07      18  14  12    24
 -3.730422923851E-07  3.730330659268E-07      15  15  15     8
  3.550930822763E-07 -3.551756264612E-07      18  16  10    24
  1.317025149985E-06 -1.317117598965E-06      17  15  13    48
  1.027755262961E-06 -1.027903330852E-06      18  18   6     6
  1.326708223360E-06 -1.326748099612E-06      17  17  11    24
  3.454784925199E-07 -3.455001688887E-07      16  16  14    24
  1.779865701790E-06 -1.779976621407E-06      18  18   8     6
  1.494221122946E-06 -1.494296352852E-06      18  14  14    12
  1.040649629169E-06 -1.040691193565E-06      18  16  12    24
  9.226896467363E-07 -9.227208859782E-07      17  15  15    24
  2.001482395349E-07 -2.001200435111E-07      17  17  13    24
  1.511012128873E-06 -1.511051483577E-06      18  18  10     6
  8.875965446265E-08 -8.876684349071E-08      16  16  16     8
  5.889945684011E-07 -5.889931198863E-07      18  16  14    24
  3.217441949995E-07 -3.217243178225E-07      18  18  12     6
 -4.174308636510E-07  4.174486428886E-07      17  17  15    24
 -1.428096227461E-07  1.428071689720E-07      18  16  16    12
 -5.355120670265E-07  5.355436791584E-07      18  18  14     6
 -1.217207695327E-07  1.217017732945E-07      17  17  17     8
 -2.740197275648E-07  2.740119864602E-07      18  18  16     6
  5.063691215852E-08 -5.064953241363E-08      18  18  18     1
