tequil	pot	tequil	blockave_pot
0.1	-0.0006264	5.1	-0.037092012
0.2	-0.00063635	5.2	-0.037023078
0.3	-0.000667109	5.3	-0.037588715
0.4	-0.000723008	5.4	-0.038082563
0.5	-0.000814977	5.5	-0.038002241
0.6	-0.000973091	5.6	-0.03837054
0.7	-0.001303775	5.7	-0.038634348
0.8	-0.002354322	5.8	-0.03887478
0.9	-0.008097363	5.9	-0.039120347
1	0.024865438	6	-0.039307934
1.1	-0.00955849	6.1	-0.039804587
1.2	-0.009314212	6.2	-0.039956737
1.3	-0.013427914	6.3	-0.040126264
1.4	-0.025100045	6.4	-0.040276728
1.5	-0.02345978	6.5	-0.040362874
1.6	-0.051576714	6.6	-0.04042178
1.7	-0.035280856	6.7	-0.04027888
1.8	-0.039856123	6.8	-0.040285172
1.9	-0.036003007	6.9	-0.040222838
2	-0.03489178	7	-0.040325441
2.1	-0.049249707	7.1	-0.040464345
2.2	-0.05210215	7.2	-0.040234776
2.3	-0.03322227	7.3	-0.040132576
2.4	-0.033064006	7.4	-0.040171573
2.5	-0.029260292	7.5	-0.040244477
2.6	-0.018299558	7.6	-0.040362407
2.7	-0.035749233	7.7	-0.040428692
2.8	-0.033076243	7.8	-0.040500729
2.9	-0.030654873	7.9	-0.04054548
3	-0.035466203	8	-0.040534028
3.1	-0.033154773	8.1	-0.040516278
3.2	-0.031322075	8.2	-0.040464249
3.3	-0.034257589	8.3	-0.040405789
3.4	-0.012940564	8.4	-0.040323522
3.5	-0.030996795	8.5	-0.04052323
3.6	-0.036132422	8.6	-0.040481745
3.7	-0.03539288	8.7	-0.040441111
3.8	-0.041355038	8.8	-0.040308011
3.9	-0.036377899	8.9	-0.040103819
4	-0.026167147	9	-0.039916994
4.1	-0.028740281	9.1	-0.039883356
4.2	-0.029324153	9.2	-0.039893159
4.3	-0.028032457	9.3	-0.039955071
4.4	-0.037046496	9.4	-0.040167081
4.5	-0.036505241	9.5	-0.040084555
4.6	-0.039988977	9.6	-0.040234324
4.7	-0.035477683	9.7	-0.040440693
4.8	-0.03815095	9.8	-0.040328116
4.9	-0.036716126	9.9	-0.040450298
5	-0.041331872	10	-0.040035963
5.1	-0.055207487	10.1	-0.039946985
5.2	-0.046337652	10.2	-0.039608372
5.3	-0.052390089	10.3	-0.039351677
5.4	-0.047175659	10.4	-0.039083198
5.5	-0.038959676	10.5	-0.038912984
5.6	-0.034411901	10.6	-0.038820467
5.7	-0.032296319	10.7	-0.038755248
5.8	-0.027820809	10.8	-0.038727204
5.9	-0.034627406	10.9	-0.038741278
6	-0.023887702	11	-0.038701877
6.1	-0.053097191	11.1	-0.038686434
6.2	-0.036558271	11.2	-0.038421681
6.3	-0.036269246	11.3	-0.038443375
6.4	-0.036222554	11.4	-0.038222965
6.5	-0.041834943	11.5	-0.03822055
6.6	-0.043070013	11.6	-0.037769918
6.7	-0.040463519	11.7	-0.037650798
6.8	-0.032002578	11.8	-0.037655302
6.9	-0.030702648	11.9	-0.037556452
7	-0.032708148	12	-0.037747066
7.1	-0.043293966	12.1	-0.03796192
7.2	-0.032590876	12.2	-0.03801623
7.3	-0.032053951	12.3	-0.038205367
7.4	-0.029239194	12.4	-0.03841901
7.5	-0.025331068	12.5	-0.038592155
7.6	-0.02562665	12.6	-0.038890312
7.7	-0.036175688	12.7	-0.039108848
7.8	-0.032235284	12.8	-0.039220553
7.9	-0.035077014	12.9	-0.039314797
8	-0.033978842	13	-0.039363508
8.1	-0.032572573	13.1	-0.039405099
8.2	-0.035500159	13.2	-0.039441319
8.3	-0.044390847	13.3	-0.039450416
8.4	-0.05621569	13.4	-0.039384928
8.5	-0.074341963	13.5	-0.039143507
8.6	-0.085230449	13.6	-0.038727791
8.7	-0.101687763	13.7	-0.038169908
8.8	-0.095346675	13.8	-0.03749433
8.9	-0.068471682	13.9	-0.037022656
9	-0.053614372	14	-0.036740498
9.1	-0.069469035	14.1	-0.036713258
9.2	-0.057163455	14.2	-0.036466974
9.3	-0.059334749	14.3	-0.036331517
9.4	-0.055415536	14.4	-0.036021732
9.5	-0.063879124	14.5	-0.035772914
9.6	-0.074098759	14.6	-0.035355591
9.7	-0.076750956	14.7	-0.034862333
9.8	-0.088520531	14.8	-0.034464124
9.9	-0.061969199	14.9	-0.033960771
10	-0.064225501	15	-0.033728752
10.1	0.006267016	15.1	-0.033436517
10.2	-0.05720006	15.2	-0.033912637
10.3	-0.050051907	15.3	-0.03371073
10.4	0.007309154	15.4	-0.033513642
10.5	-0.037644821	15.5	-0.033956517
10.6	-0.027353944	15.6	-0.033985231
10.7	-0.025346942	15.7	-0.034135397
10.8	-0.026911048	15.8	-0.034471595
10.9	-0.02685604	15.9	-0.034647941
11	-0.024799901	16	-0.034848472
11.1	-0.024773507	16.1	-0.034993221
11.2	-0.026266898	16.2	-0.035171291
11.3	-0.028474262	16.3	-0.035392619
11.4	-0.03371471	16.4	-0.035401319
11.5	-0.029350357	16.5	-0.03557573
11.6	-0.037286685	16.6	-0.035688037
11.7	-0.035910022	16.7	-0.035671506
11.8	-0.033622794	16.8	-0.035662996
11.9	-0.046263317	16.9	-0.035730742
12	-0.04878212	17	-0.035821726
12.1	-0.026292875	17.1	-0.035824219
12.2	-0.041882086	17.2	-0.036070581
12.3	-0.037121964	17.3	-0.036026074
12.4	-0.040354405	17.4	-0.036238724
12.5	-0.041053299	17.5	-0.036544386
12.6	-0.024928118	17.6	-0.036753933
12.7	-0.042952897	17.7	-0.037398911
12.8	-0.037551351	17.8	-0.037779953
12.9	-0.029509624	17.9	-0.038063432
13	-0.033691269	18	-0.038305239
13.1	-0.027951881	18.1	-0.03843588
13.2	-0.025476042	18.2	-0.0385494
13.3	-0.026030858	18.3	-0.03866904
13.4	-0.032911385	18.4	-0.038872484
13.5	-0.026848333	18.5	-0.039055152
13.6	-0.032069014	18.6	-0.039406141
13.7	-0.022082896	18.7	-0.039647883
13.8	-0.020935844	18.8	-0.040207066
13.9	-0.01769531	18.9	-0.040825388
14	-0.022803397	19	-0.041360394
14.1	-0.029720564	19.1	-0.041826123
14.2	-0.03551535	19.2	-0.042182731
14.3	-0.049233487	19.3	-0.042546081
14.4	-0.028793828	19.4	-0.042681421
14.5	-0.05148217	19.5	-0.04300412
14.6	-0.060625933	19.6	-0.04305187
14.7	-0.02421991	19.7	-0.042939482
14.8	-0.050369189	19.8	-0.043297835
14.9	0.004717365	19.9	-0.043415135
15	-0.032434023	20	-0.044352366
15.1	-0.02134626	20.1	-0.044722076
15.2	-0.020668156	20.2	-0.045203087
15.3	-0.025542149	20.3	-0.045607528
15.4	-0.030154306	20.4	-0.045934985
15.5	-0.02970791	20.5	-0.046190991
15.6	-0.027890041	20.6	-0.046473803
15.7	-0.029491897	20.7	-0.046815307
15.8	-0.029228209	20.8	-0.047219502
15.9	-0.030687257	20.9	-0.047670546
16	-0.022343419	21	-0.047710473
16.1	-0.026621941	21.1	-0.048137561
16.2	-0.038727691	21.2	-0.048670151
16.3	-0.014228256	21.3	-0.049132965
16.4	-0.035980989	21.4	-0.049639186
16.5	0.003228233	21.5	-0.049906211
16.6	-0.031157991	21.6	-0.0505311
16.7	-0.04091391	21.7	-0.050791489
16.8	-0.022117618	21.8	-0.050990742
16.9	-0.049764076	21.9	-0.051085531
17	-0.054193504	22	-0.051211745
17.1	-0.048724975	22.1	-0.051275929
17.2	-0.051504524	22.2	-0.05127958
17.3	-0.053418303	22.3	-0.05124825
17.4	-0.04655373	22.4	-0.05118042
17.5	-0.055146738	22.5	-0.051187615
17.6	-0.047480189	22.6	-0.051215127
17.7	-0.047346271	22.7	-0.051382033
17.8	-0.041659598	22.8	-0.051492657
17.9	-0.039948165	22.9	-0.051000947
18	-0.038137948	23	-0.051303003
18.1	-0.036194522	23.1	-0.051614862
18.2	-0.036409929	23.2	-0.051902917
18.3	-0.037841983	23.3	-0.05229575
18.4	-0.032073626	23.4	-0.052359139
18.5	-0.032770333	23.5	-0.052659676
18.6	-0.029442133	23.6	-0.052909761
18.7	-0.034129995	23.7	-0.053195942
18.8	-0.048179332	23.8	-0.053298712
18.9	-0.040255884	23.9	-0.053344923
19	-0.050890359	24	-0.053329633
19.1	-0.044840622	24.1	-0.053195574
19.2	-0.043617771	24.2	-0.053044561
19.3	-0.028356253	24.3	-0.052828065
19.4	-0.030533746	24.4	-0.052703143
19.5	-0.022146729	24.5	-0.052558013
19.6	-0.024773022	24.6	-0.052559039
19.7	-0.036930061	24.7	-0.052650665
19.8	-0.038185167	24.8	-0.052596395
19.9	-0.038767329	24.9	-0.052475068
20	-0.035002037	25	-0.052429866
20.1	-0.041344918	25.1	-0.052378507
20.2	-0.03700938	25.2	-0.052304193
20.3	-0.030343171	25.3	-0.052328589
20.4	-0.036978345	25.4	-0.052489378
20.5	-0.040516229	25.5	-0.052821702
20.6	-0.042370469	25.6	-0.053056252
20.7	-0.058966766	25.7	-0.053149971
20.8	-0.04454566	25.8	-0.053053875
20.9	-0.046909136	25.9	-0.053036431
21	-0.039274799	26	-0.052997473
21.1	-0.042580495	26.1	-0.052998963
21.2	-0.048399713	26.2	-0.052908205
21.3	-0.029344248	26.3	-0.052688509
21.4	-0.051155866	26.4	-0.052645531
21.5	-0.040580972	26.5	-0.052365833
21.6	-0.035633613	26.6	-0.052188934
21.7	-0.035058984	26.7	-0.052039881
21.8	-0.040397469	26.8	-0.051895502
21.9	-0.055361718	26.9	-0.051735369
22	-0.049031396	27	-0.051461202
22.1	-0.050929032	27.1	-0.051246514
22.2	-0.037431451	27.2	-0.050988979
22.3	-0.058386935	27.3	-0.05083223
22.4	-0.070920616	27.4	-0.050535468
22.5	-0.062008018	27.5	-0.049789032
22.6	-0.089425873	27.6	-0.049564968
22.7	-0.081057095	27.7	-0.049029903
22.8	-0.065899253	27.8	-0.048629949
22.9	-0.053690345	27.9	-0.04835856
23	-0.04675536	28	-0.048257331
23.1	-0.039303894	28.1	-0.048099953
23.2	-0.037440036	28.2	-0.048074951
23.3	-0.046375302	28.3	-0.048024884
23.4	-0.051178151	28.4	-0.04785166
23.5	-0.061947231	28.5	-0.047494205
23.6	-0.056243249	28.6	-0.047277126
23.7	-0.078001177	28.7	-0.047082829
23.8	-0.082767994	28.8	-0.046627798
23.9	-0.071195898	28.9	-0.046195124
24	-0.069376373	29	-0.045977901
24.1	-0.06538132	29.1	-0.04519194
24.2	-0.071850318	29.2	-0.045058939
24.3	-0.062767566	29.3	-0.04480326
24.4	-0.061063686	29.4	-0.044608431
24.5	-0.056257153	29.5	-0.044441724
24.6	-0.049387176	29.6	-0.044274337
24.7	-0.060055169	29.7	-0.04420965
24.8	-0.06209922	29.8	-0.043989612
24.9	-0.089005714	29.9	-0.043880571
25	-0.06940504	30	-0.043553535
25.1	-0.069447347	30.1	-0.043505809
25.2	-0.061112297	30.2	-0.043560863
25.3	-0.058287855	30.3	-0.043491768
25.4	-0.055754832	30.4	-0.043604458
25.5	-0.057989176	30.5	-0.043523306
25.6	-0.062040377	30.6	-0.043504616
25.7	-0.0699114	30.7	-0.043351844
25.8	-0.074332645	30.8	-0.04309578
25.9	-0.03467998	30.9	-0.042881789
26	-0.065052182	31	-0.04282249
26.1	-0.079880981	31.1	-0.042744172
26.2	-0.085009009	31.2	-0.04253114
26.3	-0.06485039	31.3	-0.042251416
26.4	-0.062683492	31.4	-0.042274002
26.5	-0.059260712	31.5	-0.042309527
26.6	-0.057196893	31.6	-0.042217547
26.7	-0.060839123	31.7	-0.042006927
26.8	-0.031596563	31.8	-0.041717072
26.9	-0.062385479	31.9	-0.04181958
27	-0.060611939	32	-0.041593321
27.1	-0.049090056	32.1	-0.041388803
27.2	-0.048371489	32.2	-0.041147126
27.3	-0.046635366	32.3	-0.04095293
27.4	-0.047273144	32.4	-0.040769821
27.5	-0.057897939	32.5	-0.040615231
27.6	-0.064170795	32.6	-0.040312963
27.7	-0.058408743	32.7	-0.039737593
27.8	0.007511455	32.8	-0.039686078
27.9	-0.070153796	32.9	-0.040138325
28	-0.069323808	33	-0.039717078
28.1	-0.065000025	33.1	-0.039298126
28.2	-0.075693217	33.2	-0.03880344
28.3	-0.044180921	33.3	-0.038423809
28.4	-0.062127306	33.4	-0.038369188
28.5	-0.057778876	33.5	-0.038171915
28.6	-0.058060245	33.6	-0.037954107
28.7	-0.044406987	33.7	-0.03769506
28.8	-0.052800374	33.8	-0.037689661
28.9	-0.03872689	33.9	-0.037410504
29	-0.037484447	34	-0.0374947
29.1	-0.029739398	34.1	-0.037610164
29.2	-0.021968103	34.2	-0.037867717
29.3	-0.015864089	34.3	-0.038308338
29.4	-0.016020781	34.4	-0.03856954
29.5	-0.022249279	34.5	-0.038948261
29.6	-0.03393564	34.6	-0.039069316
29.7	-0.031503055	34.7	-0.039001625
29.8	-0.026052428	34.8	-0.03889919
29.9	-0.034247191	34.9	-0.038944496
30	-0.02986606	35	-0.03856777
30.1	-0.033913543	35.1	-0.038656504
30.2	-0.039448989	35.2	-0.038736405
30.3	-0.046422112	35.3	-0.038770512
30.4	-0.070210735	35.4	-0.038669791
30.5	-0.063971248	35.5	-0.03831368
30.6	-0.0517423	35.6	-0.038017604
30.7	-0.049357145	35.7	-0.037828341
30.8	-0.042801321	35.8	-0.037716401
30.9	-0.04301335	35.9	-0.037626511
31	-0.039423786	36	-0.037483032
31.1	-0.033504639	36.1	-0.037339936
31.2	-0.026430169	36.2	-0.037254281
31.3	-0.025046479	36.3	-0.037083084
31.4	-0.023185983	36.4	-0.037162494
31.5	-0.022891095	36.5	-0.037222402
31.6	-0.020728358	36.6	-0.037317236
31.7	-0.020621019	36.7	-0.037372489
31.8	-0.024384221	36.8	-0.037443248
31.9	-0.02794497	36.9	-0.037527377
32	-0.027562608	37	-0.037571688
32.1	-0.025175585	37.1	-0.037663299
32.2	-0.021756479	37.2	-0.037912177
32.3	-0.028710796	37.3	-0.038065315
32.4	0.003722985	37.4	-0.038326281
32.5	-0.039601572	37.5	-0.03856337
32.6	-0.035919427	37.6	-0.038468345
32.7	-0.041061667	37.7	-0.038281036
32.8	-0.038760386	37.8	-0.038014339
32.9	-0.043567365	37.9	-0.037828089
33	-0.031017627	38	-0.0375724
33.1	-0.036803723	38.1	-0.037639393
33.2	-0.03243332	38.2	-0.037786264
33.3	-0.029052906	38.3	-0.037177924
33.4	-0.015432645	38.4	-0.037345296
33.5	-0.040239295	38.5	-0.037358438
33.6	-0.03681358	38.6	-0.037283851
33.7	-0.032498009	38.7	-0.037237727
33.8	-0.039500659	38.8	-0.037219922
33.9	-0.049473558	38.9	-0.037125892
34	0.009219699	39	-0.036875976
34.1	-0.052081232	39.1	-0.037189281
34.2	-0.046282415	39.2	-0.036832171
34.3	-0.043284684	39.3	-0.036520058
34.4	-0.044392924	39.4	-0.036270256
34.5	-0.039518471	39.5	-0.036094172
34.6	-0.04291849	39.6	-0.036069795
34.7	-0.038051389	39.7	-0.036123471
34.8	-0.051195048	39.8	-0.035995766
34.9	-0.056302201	39.9	-0.036024492
35	-0.064632399	40	-0.035982291
35.1	-0.07495274	40.1	-0.03587096
35.2	-0.054202759	40.2	-0.035700871
35.3	-0.069556904	40.3	-0.035663128
35.4	-0.047639621	40.4	-0.035460118
35.5	-0.056120233	40.5	-0.035413819
35.6	-0.04676313	40.6	-0.03525906
35.7	-0.04430498	40.7	-0.035215426
35.8	-0.052933551	40.8	-0.03543964
35.9	-0.028750081	40.9	-0.03532711
36	-0.057220348	41	-0.035691317
36.1	-0.058577834	41.1	-0.035668589
36.2	-0.057036554	41.2	-0.035475995
36.3	-0.067109054	41.3	-0.03524931
36.4	-0.066235988	41.4	-0.034961101
36.5	-0.050062681	41.5	-0.034610564
36.6	-0.036134898	41.6	-0.034535508
36.7	-0.031853593	41.7	-0.034522196
36.8	-0.041847451	41.8	-0.034531515
36.9	-0.039759553	41.9	-0.034449694
37	-0.040160143	42	-0.034386442
37.1	-0.02492236	42.1	-0.034362691
37.2	-0.028951861	42.2	-0.034438853
37.3	-0.028324423	42.3	-0.034659179
37.4	-0.031814149	42.4	-0.034871875
37.5	-0.027671143	42.5	-0.035057035
37.6	-0.006633848	42.6	-0.035255279
37.7	-0.053257246	42.7	-0.035608127
37.8	-0.037713182	42.8	-0.035474824
37.9	-0.028029182	42.9	-0.035440766
38	-0.027428543	43	-0.035468618
38.1	-0.015531394	43.1	-0.035090689
38.2	-0.037730148	43.2	-0.035271031
38.3	-0.038718882	43.3	-0.035244222
38.4	-0.042399925	43.4	-0.035302243
38.5	-0.035998092	43.5	-0.035286868
38.6	-0.032155527	43.6	-0.035457753
38.7	-0.043867131	43.7	-0.035668757
38.8	-0.024884699	43.8	-0.03574707
38.9	-0.047146447	43.9	-0.035973139
39	-0.049030837	44	-0.035976672
39.1	-0.05549474	44.1	-0.035164425
39.2	-0.06603021	44.2	-0.034910971
39.3	-0.04198431	44.3	-0.034465952
39.4	-0.05389288	44.4	-0.034256554
39.5	-0.034354717	44.5	-0.03396134
39.6	-0.027166548	44.6	-0.033876158
39.7	-0.021259585	44.7	-0.034029446
39.8	-0.030583028	44.8	-0.034213347
39.9	0.003425459	44.9	-0.033821855
40	-0.038739473	45	-0.034127852
40.1	-0.041903698	45.1	-0.033980402
40.2	-0.042859618	45.2	-0.033863032
40.3	-0.036349998	45.3	-0.033844565
40.4	-0.034599723	45.4	-0.033716951
40.5	-0.034363561	45.5	-0.033683087
40.6	-0.032816041	45.6	-0.03363773
40.7	-0.038163175	45.7	-0.033668933
40.8	-0.033812301	45.8	-0.03370693
40.9	-0.02866545	45.9	-0.03378944
41	-0.02511416	46	-0.033875132
41.1	-0.024939167	46.1	-0.034051045
41.2	-0.009310432	46.2	-0.034180003
41.3	-0.032987485	46.3	-0.034560111
41.4	-0.029176781	46.4	-0.034856268
41.5	-0.032374483	46.5	-0.035171943
41.6	-0.026253708	46.6	-0.035483752
41.7	-0.027696873	46.7	-0.035658692
41.8	-0.032797158	46.8	-0.03601062
41.9	-0.032376026	46.9	-0.036223534
42	-0.036723776	47	-0.036387703
42.1	-0.050063397	47.1	-0.036592497
42.2	-0.037070287	47.2	-0.036521769
42.3	-0.05480735	47.3	-0.036334698
42.4	-0.019985919	47.4	-0.036219761
42.5	-0.030099101	47.5	-0.036387613
42.6	-0.017188477	47.6	-0.036411285
42.7	-0.014391943	47.7	-0.0365167
42.8	-0.020135467	47.8	-0.036618929
42.9	-0.017998426	47.9	-0.036657528
43	-0.037716903	48	-0.036743245
43.1	-0.051490856	48.1	-0.036100133
43.2	0.028400669	48.2	-0.035918931
43.3	-0.045790097	48.3	-0.036322364
43.4	-0.016746855	48.4	-0.036272569
43.5	-0.032780537	48.5	-0.036430098
43.6	-0.032201259	48.6	-0.036494593
43.7	-0.03071751	48.7	-0.036721146
43.8	-0.030097633	48.8	-0.036806343
43.9	-0.024481966	48.9	-0.036814075
44	-0.022110823	49	-0.036873318
44.1	-0.016370201	49.1	-0.037049758
44.2	-0.01507114	49.2	-0.037181059
44.3	-0.018304463	49.3	-0.037520347
44.4	-0.026784455	49.4	-0.037670021
44.5	-0.037080793	49.5	-0.03783128
44.6	-0.048286132	49.6	-0.037802037
44.7	-0.02528083	49.7	-0.037573895
44.8	-0.054067673	49.8	-0.037578833
44.9	-0.052082126	49.9	-0.037259253
45	-0.053499324	50	-0.037036159
45.1	-0.057943823	50.1	-0.03674927
45.2	-0.050428423	50.2	-0.036392372
45.3	-0.04925592	50.3	-0.03606402
45.4	-0.043009754	50.4	-0.035769768
45.5	-0.040644256	50.5	-0.035626578
45.6	-0.042399825	50.6	-0.035550928
45.7	-0.066726353	50.7	-0.035471421
45.8	-0.041680534	50.8	-0.035192786
45.9	-0.065170763	50.9	-0.035182114
46	-0.054947516	51	-0.03490646
46.1	-0.039318505	51.1	-0.03473181
46.2	-0.034367996	51.2	-0.034737977
46.3	-0.038288196	51.3	-0.034927723
46.4	-0.031182245	51.4	-0.035043998
46.5	-0.042557142	51.5	-0.035179425
46.6	-0.034803637	51.6	-0.035193623
46.7	-0.032785552	51.7	-0.035283856
46.8	-0.033665356	51.8	-0.035132126
46.9	-0.033434343	51.9	-0.035263112
47	-0.037785059	52	-0.035319515
47.1	-0.032538507	52.1	-0.035143569
47.2	-0.050984486	52.2	-0.035086191
47.3	-0.049594058	52.3	-0.034793343
47.4	-0.050330127	52.4	-0.034519598
47.5	-0.047495522	52.5	-0.034294181
47.6	-0.041918691	52.6	-0.03415265
47.7	-0.039926883	52.7	-0.034082597
47.8	-0.034307354	52.8	-0.034088413
47.9	-0.030814391	52.9	-0.033871047
48	0.010364303	53	-0.033953763
48.1	-0.033565541	53.1	-0.034460978
48.2	-0.035049307	53.2	-0.034407749
48.3	-0.044521005	53.3	-0.034451351
48.4	-0.040862354	53.4	-0.034273449
48.5	-0.05308664	53.5	-0.034123836
48.6	-0.05325591	53.6	-0.033422968
48.7	-0.051698379	53.7	-0.03318292
48.8	-0.047491689	53.8	-0.03293571
48.9	-0.047499753	53.9	-0.03280857
49	0.032193958	54	-0.032454115
49.1	-0.030149344	54.1	-0.033137033
49.2	-0.021528393	54.2	-0.033218754
49.3	-0.021044456	54.3	-0.033223102
49.4	-0.024371518	54.4	-0.033125584
49.5	-0.02583648	54.5	-0.033373444
49.6	-0.042495382	54.6	-0.033664968
49.7	-0.039649683	54.7	-0.033604838
49.8	0.008566173	54.8	-0.033681588
49.9	-0.027174178	54.9	-0.034281822
50	-0.023994555	55	-0.033952578
50.1	-0.030166708	55.1	-0.034217584
50.2	-0.041012896	55.2	-0.034413599
50.3	-0.023588593	55.3	-0.034453731
50.4	-0.031213324	55.4	-0.03449542
50.5	-0.029827887	55.5	-0.034438096
50.6	-0.035936291	55.6	-0.034457062
50.7	-0.041962904	55.7	-0.034280848
50.8	-0.04206331	55.8	-0.034294241
50.9	-0.037234649	55.9	-0.034174762
51	-0.042705455	56	-0.034234784
51.1	-0.037834983	56.1	-0.034199217
51.2	-0.047321172	56.2	-0.03417819
51.3	-0.062603234	56.3	-0.034144222
51.4	-0.06074429	56.4	-0.033776998
51.5	-0.063555353	56.5	-0.033892107
51.6	-0.043747712	56.6	-0.033905436
51.7	-0.062889677	56.7	-0.034038536
51.8	-0.054088498	56.8	-0.033904749
51.9	-0.048792983	56.9	-0.03380855
52	-0.057203167	57	-0.03370202
52.1	-0.042990596	57.1	-0.033458101
52.2	-0.018363221	57.2	-0.033337799
52.3	-0.043313625	57.3	-0.033160459
52.4	-0.036771141	57.4	-0.033016137
52.5	-0.032466309	57.5	-0.032908817
52.6	-0.027729966	57.6	-0.032832781
52.7	-0.024614858	57.7	-0.032830079
52.8	-0.023995355	57.8	-0.032865261
52.9	-0.026570105	57.9	-0.032931062
53	0.026594346	58	-0.033006135
53.1	-0.03337066	58.1	-0.033383354
53.2	-0.011942676	58.2	-0.033353042
53.3	-0.040810544	58.3	-0.033521619
53.4	-0.03249983	58.4	-0.033242017
53.5	-0.039229982	58.5	-0.033157026
53.6	-0.054856572	58.6	-0.032963237
53.7	-0.039237171	58.7	-0.032571169
53.8	-0.030870833	58.8	-0.032340895
53.9	-0.030406322	58.9	-0.032132553
54	-0.03975478	59	-0.032053448
54.1	-0.029500284	59.1	-0.031889666
54.2	-0.048999998	59.2	-0.031873643
54.3	-0.033271828	59.3	-0.031672084
54.4	-0.042910424	59.4	-0.031687168
54.5	-0.034156414	59.5	-0.03161043
54.6	-0.025471977	59.6	-0.031587027
54.7	-0.025774635	59.7	-0.031654913
54.8	-0.022109642	59.8	-0.0317429
54.9	-0.02977273	59.9	-0.031815694
55	-0.024810441	60	-0.03187662
55.1	-0.02225401	60.1	-0.03207976
55.2	-0.017593234	60.2	-0.032409732
55.3	-0.01983068	60.3	-0.032719376
55.4	-0.028690777	60.4	-0.033074598
55.5	-0.033079293	60.5	-0.033291869
55.6	-0.034449139	60.6	-0.033021753
55.7	-0.038862791	60.7	-0.033110533
55.8	-0.040613395	60.8	-0.032985763
55.9	-0.037605293	60.9	-0.033022783
56	-0.037482497	61	-0.033141939
56.1	-0.039935281	61.1	-0.033256155
56.2	-0.053342612	61.2	-0.033458323
56.3	-0.04991561	61.3	-0.033315851
56.4	-0.044724945	61.4	-0.033426349
56.5	-0.043976986	61.5	-0.033463815
56.6	-0.043826962	61.6	-0.033603841
56.7	-0.017612529	61.7	-0.03369844
56.8	-0.04676396	61.8	-0.033015737
56.9	-0.039074593	61.9	-0.033034603
57	-0.020190455	62	-0.033061087
57.1	-0.026800778	62.1	-0.033077044
57.2	-0.021699698	62.2	-0.033023602
57.3	-0.022219555	62.3	-0.032997185
57.4	-0.027788433	62.4	-0.033029216
57.5	-0.033342365	62.5	-0.033065545
57.6	-0.034913394	62.6	-0.033081757
57.7	-0.04050849	62.7	-0.033022819
57.8	-0.012570749	62.8	-0.032968354
57.9	-0.039086046	62.9	-0.033138176
58	-0.040357173	63	-0.033117372
58.1	-0.028242626	63.1	-0.033206687
58.2	-0.039409504	63.2	-0.033433494
58.3	-0.026730836	63.3	-0.033190019
58.4	-0.025901072	63.4	-0.033365695
58.5	0.017000183	63.5	-0.033436924
58.6	-0.029251105	63.6	-0.033867127
58.7	-0.026977383	63.7	-0.033845937
58.8	-0.034777622	63.8	-0.033833493
58.9	-0.012054322	63.9	-0.033753274
59	-0.036097854	64	-0.033862745
59.1	-0.038321441	64.1	-0.033743005
59.2	-0.021963199	64.2	-0.033586689
59.3	-0.011292568	64.3	-0.033588353
59.4	-0.049157515	64.4	-0.033711202
59.5	-0.054988906	64.5	-0.033491822
59.6	-0.036482411	64.6	-0.033191242
59.7	-0.047324648	64.7	-0.033157406
59.8	-0.051457266	64.8	-0.033015469
59.9	0.005750235	64.9	-0.032858904
60	-0.050495121	65	-0.033304798
60.1	-0.049768227	65.1	-0.033220185
60.2	-0.045026099	65.2	-0.033231006
60.3	-0.027757484	65.3	-0.033328521
60.4	-0.025480949	65.4	-0.033482331
60.5	-0.031724474	65.5	-0.033782297
60.6	-0.018314956	65.6	-0.03397062
60.7	-0.043302126	65.7	-0.034284086
60.8	-0.030115453	65.8	-0.034370149
60.9	-0.043236825	65.9	-0.03470309
61	-0.039148811	66	-0.034842629
61.1	-0.035732208	66.1	-0.0348259
61.2	-0.043924393	66.2	-0.035088811
61.3	-0.025880798	66.3	-0.035240788
61.4	-0.072255223	66.4	-0.03562114
61.5	-0.064888256	66.5	-0.035584633
61.6	-0.057057754	66.6	-0.035200499
61.7	-0.04951098	66.7	-0.035099979
61.8	-0.044468544	66.8	-0.035063876
61.9	-0.038139952	66.9	-0.035208165
62	-0.032811325	67	-0.035532754
62.1	-0.030960417	67.1	-0.036103605
62.2	-0.000629179	67.2	-0.036606164
62.3	-0.028881481	67.3	-0.037334129
62.4	-0.026039107	67.4	-0.037734309
62.5	-0.024862715	67.5	-0.038009333
62.6	-0.027459785	67.6	-0.038446878
62.7	-0.028133012	67.7	-0.038753965
62.8	-0.030575485	67.8	-0.038925919
62.9	-0.034077417	67.9	-0.039089753
63	-0.011127549	68	-0.03912055
63.1	-0.030339446	68.1	-0.039329684
63.2	-0.028800318	68.2	-0.039301367
63.3	-0.01285037	68.3	-0.039302777
63.4	-0.024000745	68.4	-0.039164042
63.5	-0.019851096	68.5	-0.03923123
63.6	-0.015649715	68.6	-0.039389451
63.7	-0.016209858	68.7	-0.039760055
63.8	-0.010036566	68.8	-0.040074356
63.9	-0.02249583	68.9	-0.040407338
64	-0.023376572	69	-0.040648642
64.1	-0.027898056	69.1	-0.04097538
64.2	-0.028844076	69.2	-0.041105177
64.3	-0.034780233	69.3	-0.041170905
64.4	-0.035236552	69.4	-0.041110785
64.5	-0.031816114	69.5	-0.041043084
64.6	-0.03226065	69.6	-0.041047493
64.7	-0.034573319	69.7	-0.041083552
64.8	-0.029388993	69.8	-0.041158277
64.9	-0.035865399	69.9	-0.041394521
65	-0.045124362	70	-0.041542642
65.1	-0.055251269	70.1	-0.041711448
65.2	-0.0485576	70.2	-0.041827889
65.3	-0.055352943	70.3	-0.042139218
65.4	-0.050417797	70.4	-0.041851019
65.5	-0.006067739	70.5	-0.042204322
65.6	-0.043327173	70.6	-0.042884117
65.7	-0.026385727	70.7	-0.043161084
65.8	-0.044315449	70.8	-0.043417598
65.9	-0.049520855	70.9	-0.043381713
66	-0.048904128	71	-0.043287026
66.1	-0.060152091	71.1	-0.043190415
66.2	-0.039095376	71.2	-0.042950666
66.3	-0.060965399	71.3	-0.043002899
66.4	-0.04847158	71.4	-0.042957061
66.5	-0.057979604	71.5	-0.043082503
66.6	-0.053286817	71.6	-0.043013076
66.7	0.050657792	71.7	-0.04308469
66.8	-0.048650545	71.8	-0.044153977
66.9	-0.041722984	71.9	-0.044081201
67	-0.021786227	72	-0.044217687
67.1	-0.021456594	72.1	-0.044484668
67.2	-0.019057937	72.2	-0.044823596
67.3	-0.025422671	72.3	-0.045086057
67.4	-0.031421287	72.4	-0.045180464
67.5	-0.034963647	72.5	-0.04519472
67.6	-0.029019511	72.6	-0.044987409
67.7	-0.035061997	72.7	-0.044985434
67.8	-0.029552953	72.8	-0.044935196
67.9	-0.03700569	72.9	-0.044987747
68	-0.049288636	73	-0.045165394
68.1	-0.050923353	73.1	-0.044951803
68.2	-0.015062043	73.2	-0.044939607
68.3	-0.044298353	73.3	-0.045309374
68.4	-0.03302398	73.4	-0.045321713
68.5	-0.026020181	73.5	-0.045476616
68.6	-0.027132062	73.6	-0.04569995
68.7	-0.02573301	73.7	-0.045925937
68.8	-0.026755736	73.8	-0.045914395
68.9	-0.023001398	73.9	-0.044749751
69	-0.024123832	74	-0.044971115
69.1	-0.022689911	74.1	-0.04538706
69.2	-0.022129529	74.2	-0.045397027
69.3	-0.023577444	74.3	-0.045742278
69.4	-0.027219609	74.4	-0.046014843
69.5	-0.024930831	74.5	-0.046233727
69.6	-0.033098816	74.6	-0.0465382
69.7	-0.033130984	74.7	-0.046752643
69.8	-0.035800791	74.8	-0.047004595
69.9	-0.038839136	74.9	-0.047179763
70	-0.042033831	75	-0.047318594
70.1	-0.050850312	75.1	-0.047425499
70.2	-0.054777607	75.2	-0.047411143
70.3	-0.04313849	75.3	-0.047289849
70.4	-0.055477551	75.4	-0.047234001
70.5	-0.050556713	75.5	-0.047040697
70.6	-0.04966157	75.6	-0.046917774
70.7	-0.051908442	75.7	-0.046852554
70.8	-0.063409597	75.8	-0.046755937
70.9	-0.057190691	75.9	-0.046491087
71	-0.037475889	76	-0.046279856
71.1	-0.062023322	76.1	-0.046293884
71.2	-0.059122073	76.2	-0.046209381
71.3	-0.063916016	76.3	-0.04598092
71.4	-0.068604549	76.4	-0.045832534
71.5	-0.026474863	76.5	-0.045556483
71.6	-0.047005693	76.6	-0.045767611
71.7	-0.045900733	76.7	-0.045893411
71.8	-0.0588974	76.8	-0.045978751
71.9	-0.070598877	76.9	-0.045906198
72	-0.089896393	77	-0.04596955
72.1	-0.081216378	77.1	-0.045723428
72.2	-0.073425694	77.2	-0.045459547
72.3	-0.068899488	77.3	-0.045230155
72.4	-0.053541413	77.4	-0.044970924
72.5	-0.068617282	77.5	-0.044826437
72.6	-0.058168489	77.6	-0.044394635
72.7	-0.045328352	77.7	-0.04412639
72.8	-0.046958929	77.8	-0.043961663
72.9	-0.037157089	77.9	-0.043856108
73	-0.032040921	78	-0.043981096
73.1	-0.02750776	78.1	-0.044249413
73.2	-0.028941341	78.2	-0.044493546
73.3	0.001023133	78.3	-0.044787151
73.4	-0.030719543	78.4	-0.045235874
73.5	-0.035673248	78.5	-0.04535637
73.6	-0.052710048	78.6	-0.045526147
73.7	-0.047639994	78.7	-0.045524017
73.8	-0.043334808	78.8	-0.045644673
73.9	-0.046626141	78.9	-0.045772828
74	-0.056050438	79	-0.045810734
74.1	-0.040877749	79.1	-0.045696169
74.2	-0.035416904	79.2	-0.045766679
74.3	-0.028768228	79.3	-0.045677168
74.4	-0.028466458	79.4	-0.045982672
74.5	-0.032257017	79.5	-0.045952245
74.6	-0.035866454	79.6	-0.045977392
74.7	-0.042045826	79.7	-0.046030563
74.8	-0.053013476	79.8	-0.045917451
74.9	-0.05067743	79.9	-0.045673938
75	-0.062005037	80	-0.04541786
75.1	-0.066895287	80.1	-0.045057402
75.2	-0.079690555	80.2	-0.044616941
75.3	-0.026533	80.3	-0.044045977
75.4	-0.085748128	80.4	-0.044016791
75.5	-0.074047206	80.5	-0.043379652
75.6	-0.071023857	80.6	-0.042818558
75.7	-0.052037157	80.7	-0.042256259
75.8	-0.040726932	80.8	-0.041883047
75.9	-0.040052217	80.9	-0.04164431
76	-0.039243029	81	-0.041448983
76.1	-0.036177147	81.1	-0.041314691
76.2	-0.044318679	81.2	-0.041297294
76.3	-0.056381618	81.3	-0.041258896
76.4	-0.061015727	81.4	-0.041153115
76.5	-0.051036977	81.5	-0.040838016
76.6	-0.06044823	81.6	-0.040745847
76.7	-0.056270826	81.7	-0.040521004
76.8	-0.041372978	81.8	-0.040321604
76.9	-0.055371586	81.9	-0.040293521
77	-0.048484359	82	-0.040127477
77.1	-0.055349341	82.1	-0.040018639
77.2	-0.045304059	82.2	-0.039663778
77.3	-0.034863349	82.3	-0.039559129
77.4	-0.032846908	82.4	-0.039514262
77.5	-0.014232515	82.5	-0.039448791
77.6	-0.028822038	82.6	-0.03953694
77.7	-0.03003818	82.7	-0.039442774
77.8	-0.03480805	82.8	-0.039329881
77.9	-0.054770448	82.9	-0.039216365
78	-0.027929549	83	-0.038834434
78.1	-0.049703691	83.1	-0.038789957
78.2	-0.052038716	83.2	-0.038306776
78.3	-0.045532325	83.3	-0.038070322
78.4	-0.048514213	83.4	-0.037928736
78.5	-0.048353597	83.5	-0.037736026
78.6	-0.049730794	83.6	-0.037539892
78.7	-0.024578791	83.7	-0.037371852
78.8	0.08970863	83.8	-0.037279696
78.9	-0.045137745	83.9	-0.038501174
79	-0.065718322	84	-0.038332239
79.1	-0.023686603	84.1	-0.038011686
79.2	-0.056654633	84.2	-0.037629356
79.3	-0.05083402	84.3	-0.037417283
79.4	-0.04910794	84.4	-0.037327816
79.5	-0.055378183	84.5	-0.037010073
79.6	-0.05454313	84.6	-0.037005818
79.7	-0.058326192	84.7	-0.036761963
79.8	-0.053317524	84.8	-0.036593878
79.9	-0.052722222	84.9	-0.036385647
80	-0.052724392	85	-0.036148437
80.1	-0.049414683	85.1	-0.035917757
80.2	-0.042648228	85.2	-0.03568932
80.3	-0.03755369	85.3	-0.035675607
80.4	-0.036147147	85.4	-0.035662892
80.5	-0.038264426	85.5	-0.035626336
80.6	-0.04313958	85.6	-0.035582662
80.7	-0.042246748	85.7	-0.035612765
80.8	-0.036924534	85.8	-0.035408367
80.9	-0.036067645	85.9	-0.035476039
81	-0.038878696	86	-0.035512612
81.1	-0.053573035	86.1	-0.035483967
81.2	-0.036275971	86.2	-0.035301712
81.3	-0.049077407	86.3	-0.035264817
81.4	-0.040999433	86.4	-0.035069958
81.5	-0.047587661	86.5	-0.034949629
81.6	-0.059585648	86.6	-0.034775645
81.7	-0.054434805	86.7	-0.034536483
81.8	-0.051642022	86.8	-0.034449813
81.9	-0.076934107	86.9	-0.034442747
82	-0.065284164	87	-0.034394012
82.1	-0.054828323	87.1	-0.034316219
82.2	-0.050486483	87.2	-0.034501478
82.3	-0.042976389	87.3	-0.034530982
82.4	-0.039092679	87.4	-0.034699568
82.5	-0.02543712	87.5	-0.034831875
82.6	-0.031344028	87.6	-0.035107988
82.7	-0.028855584	87.7	-0.035274818
82.8	-0.036403431	87.8	-0.035420639
82.9	-0.049655958	87.9	-0.035371148
83	-0.058872551	88	-0.035122079
83.1	-0.051921053	88.1	-0.034714819
83.2	-0.058301831	88.2	-0.034325664
83.3	-0.043849171	88.3	-0.033856486
83.4	-0.042769182	88.4	-0.033539319
83.5	-0.052650986	88.5	-0.033267995
83.6	-0.052497048	88.6	-0.033021851
83.7	-0.059705564	88.7	-0.032422127
83.8	-0.056150312	88.8	-0.032244037
83.9	-0.050416752	88.9	-0.032100159
84	-0.04459387	89	-0.032137851
84.1	-0.047928813	89.1	-0.032230674
84.2	-0.026465777	89.2	-0.032504452
84.3	-0.059318599	89.3	-0.032929275
84.4	-0.025423811	89.4	-0.03292612
84.5	-0.034771731	89.5	-0.033128881
84.6	-0.041183484	89.6	-0.033220778
84.7	-0.030734681	89.7	-0.033178623
84.8	-0.02866211	89.8	-0.03324968
84.9	-0.025069714	89.9	-0.033321771
85	-0.025959229	90	-0.033471055
85.1	-0.022849148	90.1	-0.033362597
85.2	-0.022594145	90.2	-0.033453261
85.3	-0.023614458	90.3	-0.033512857
85.4	-0.022034184	90.4	-0.03351281
85.5	-0.017937776	90.5	-0.033543517
85.6	-0.014793983	90.6	-0.033706136
85.7	-0.014715989	90.7	-0.033806569
85.8	-0.016853185	90.8	-0.034260596
85.9	-0.020519526	90.9	-0.03406112
86	-0.025813835	91	-0.034244849
86.1	-0.034437496	91.1	-0.034435836
86.2	-0.040478861	91.2	-0.034544758
86.3	-0.045803507	91.3	-0.034829776
86.4	-0.029505778	91.4	-0.035070495
86.5	-0.041820085	91.5	-0.035499666
86.6	-0.03796391	91.6	-0.035936854
86.7	-0.036330876	91.7	-0.036227755
86.8	-0.038564709	91.8	-0.03643943
86.9	-0.038767129	91.9	-0.036535146
87	-0.037600576	92	-0.036650072
87.1	-0.019863241	92.1	-0.036562677
87.2	-0.034839182	92.2	-0.036763915
87.3	-0.030376642	92.3	-0.036717701
87.4	-0.026299851	92.4	-0.036749619
87.5	-0.02304733	92.5	-0.036873727
87.6	-0.019405517	92.6	-0.036838439
87.7	-0.018748824	92.7	-0.037246689
87.8	-0.023456441	92.8	-0.037698454
87.9	-0.016577337	92.9	-0.038082981
88	-0.023481842	93	-0.038434918
88.1	-0.001385625	93.1	-0.038694218
88.2	-0.028393291	93.2	-0.039131831
88.3	-0.03137374	93.3	-0.038770894
88.4	-0.029243224	93.4	-0.038751501
88.5	-0.028740222	93.5	-0.038742226
88.6	-0.032926776	93.6	-0.038829077
88.7	-0.015363183	93.7	-0.038785616
88.8	-0.032439183	93.8	-0.038975244
88.9	-0.028244255	93.9	-0.038959137
89	-0.03366302	94	-0.038973254
89.1	0.014546435	94.1	-0.038969669
89.2	-0.035447318	94.2	-0.039447114
89.3	-0.041887322	94.3	-0.039432981
89.4	-0.017333707	94.4	-0.039393004
89.5	-0.054952641	94.5	-0.039627313
89.6	-0.030157674	94.6	-0.039576299
89.7	-0.041517669	94.7	-0.039656004
89.8	-0.032494439	94.8	-0.039728327
89.9	-0.029001194	94.9	-0.039806284
90	-0.029656396	95	-0.039953255
90.1	-0.026570959	95.1	-0.040057091
90.2	-0.04127692		
90.3	-0.036282202		
90.4	-0.032491606		
90.5	-0.033897001		
90.6	-0.046149908		
90.7	-0.021806929		
90.8	-0.043691746		
90.9	-0.039724899		
91	-0.03601422		
91.1	-0.035347565		
91.2	-0.032586421		
91.3	-0.029591512		
91.4	-0.028966562		
91.5	-0.030189255		
91.6	-0.035669477		
91.7	-0.045767747		
91.8	-0.050935406		
91.9	-0.072060654		
92	-0.057504856		
92.1	-0.073354175		
92.2	-0.053436895		
92.3	-0.059835049		
92.4	-0.05232338		
92.5	-0.053048412		
92.6	-0.048026951		
92.7	-0.043437701		
92.8	-0.031454408		
92.9	-0.024749034		
93	-0.018146561		
93.1	-0.013005535		
93.2	-0.011384039		
93.3	-0.012132463		
93.4	-0.015636741		
93.5	-0.028036607		
93.6	0.007475394		
93.7	-0.041896561		
93.8	-0.041762588		
93.9	-0.054185899		
94	-0.053876193		
94.1	-0.075306607		
94.2	-0.068948082		
94.3	-0.059003108		
94.4	-0.045699878		
94.5	-0.043961476		
94.6	-0.036967973		
94.7	-0.037840375		
94.8	-0.035871237		
94.9	-0.039998076		
95	-0.015113452		
95.1	-0.031915569		
95.2	-0.028553694		
95.3	-0.023609735		
95.4	-0.02510492		
95.5	-0.034199633		
95.6	-0.024837283		
95.7	-0.060118711		
95.8	0.003094382		
95.9	-0.038892417		
96	-0.04491257		
96.1	-0.045329647		
96.2	-0.0689807		
96.3	-0.069875366		
96.4	-0.072422888		
96.5	-0.085538931		
96.6	-0.067053958		
96.7	-0.057498403		
96.8	-0.048136284		
96.9	-0.050259762		
97	-0.02886104		
97.1	-0.039987081		
97.2	-0.030217717		
97.3	-0.033568458		
97.4	-0.038710631		
97.5	-0.019518556		
97.6	-0.060230533		
97.7	-0.063925347		
97.8	-0.061909147		
97.9	-0.051771045		
98	-0.049411767		
98.1	-0.045146973		
98.2	0.007700455		
98.3	-0.02943444		
98.4	-0.028315715		
98.5	-0.037425334		
98.6	-0.028580738		
98.7	-0.034325995		
98.8	-0.030828402		
98.9	-0.029655955		
99	-0.033304609		
99.1	-0.033198026		
99.2	-0.034033995		
99.3	-0.037889666		
99.4	-0.040764554		
99.5	-0.049851269		
99.6	-0.038128172		
99.7	-0.048750011		
99.8	-0.040290134		
99.9	-0.043698229		
100	-0.040040026		

