  the wall boundaries are  -5.00000000000000        36.4289369583130
  the normal mode force constants are shown below
 -3.508195688341598E-014  0.718649802721500        2.86556177264650
   6.41373724608583        11.3185558577616        17.5183366677900
   24.9351138352882        33.4756170840607        43.0324446304387
   53.4854138230260        64.7030725092718        76.5443521225595
   88.8603417012814        101.496160530581        114.292905857209
   127.089651183836        139.725470013136        152.041459591858
   163.882739205145        175.100397891391        185.553367083978
   195.110194630356        203.650697879129        211.067475046627
   217.267255856655        222.172074468331        225.720249941770
   227.867161911695
   0.00400 -26.53322
  40.00400 -26.53322
  80.00400 -26.53323
 120.00400 -26.53320
 160.00400 -26.53322
 200.00400 -26.53319
 240.00400 -26.53325
 280.00400 -26.53322
 320.00400 -26.53319
 360.00400 -26.53320
 400.00400 -26.53318
 440.00400 -26.53321
 480.00400 -26.53323
 520.00400 -26.53322
 560.00400 -26.53327
 600.00400 -26.53319
 640.00400 -26.53320
 680.00400 -26.53325
 720.00400 -26.53321
 760.00400 -26.53325

