   0.755
   0.791
   0.628
   0.692
   0.662
   0.610
   0.673
   0.752
   0.610
   0.778
   0.723
   0.629
   0.671
   0.700
   0.599
   0.755
   0.734
   0.561
   0.643
   0.784
   0.632
   0.751
   0.683
   0.646
   0.664
   0.628
   0.685
   0.771
   0.680
   0.746
   0.774
   0.665
   0.635
   0.693
   0.812
   0.725
   0.720
   0.683
   0.782
   0.703
   0.637
   0.824
   0.717
   0.659
   0.666
   0.724
   0.668
   0.691
   0.628
   0.694
   0.708
   0.838
   0.628
   0.620
   0.587
   0.627
   0.730
   0.829
   0.699
   0.670
   0.721
   0.644
   0.739
   0.669
   0.805
   0.666
   0.696
   0.694
   0.646
   0.675
   0.682
   0.689
   0.618
   0.811
   0.565
   0.776
   0.655
   0.666
   0.683
   0.568
   0.676
   0.629
   0.636
   0.667
   0.569
   0.651
   0.607
   0.603
   0.564
   0.611
   0.630
   0.637
   0.674
   0.589
   0.751
   0.656
   0.761
   0.630
   0.714
   0.797
   0.619
   0.598
   0.703
   0.632
   0.708
   0.662
   0.708
   0.631
   0.698
   0.670
   0.593
   0.680
   0.641
   0.628
   0.701
   0.715
   0.641
   0.677
   0.567
   0.633
   0.663
   0.646
   0.663
   0.754
   0.610
   0.617
   0.721
   0.731
   0.653
   0.790
   0.587
   0.704
   0.707
   0.607
   0.688
   0.681
   0.904
   0.620
   0.668
   0.632
   0.579
   0.654
   0.773
   0.688
   0.704
   0.658
   0.600
   0.616
   0.908
   0.668
   0.836
   0.730
   0.792
   0.757
   0.631
   0.732
   0.721
   0.642
   0.627
   0.762
   0.754
   0.774
   0.799
   0.699
   0.724
   0.832
   0.652
   0.698
   0.689
   0.762
   0.796
   0.636
   0.703
   0.595
   0.735
   0.573
   0.723
   0.669
   0.634
   0.606
   0.597
   0.857
   0.651
   0.639
   0.700
   0.628
   0.694
   0.634
   0.637
   0.730
   0.662
   0.668
   0.762
   0.596
   0.626
   0.664
   0.626
   0.743
   0.575
   0.614
   0.678
   0.692
   0.684
   0.689
   0.804
   0.550
   0.755
   0.655
   0.710
   0.609
   0.806
   0.653
   0.604
   0.654
   0.620
   0.687
   0.656
   0.685
   0.641
   0.669
   0.619
   0.705
   0.697
   0.837
   0.609
   0.709
   1.016
   0.781
   0.908
   0.880
   0.958
   0.996
   0.859
   0.910
   0.570
   1.032
   0.827
   1.043
   0.980
   1.020
   0.906
   0.971
   0.803
   0.841
   0.851
   0.584
   0.693
   0.776
   0.822
   0.495
   0.957
   0.826
   0.864
   0.977
   0.612
   0.976
   0.746
   0.832
   1.053
   1.076
   1.038
   0.852
   0.898
   0.550
   1.001
   0.556
   0.891
   0.901
   0.896
   1.002
   1.048
   1.020
   0.849
   1.065
   0.800
   0.896
   0.899
   1.045
   0.977
   0.932
   0.901
   1.027
   0.840
   0.933
   0.789
   0.900
   0.904
   0.920
   0.842
   0.888
   0.946
   1.068
   0.986
   0.848
   0.577
   0.986
   0.924
   0.844
   0.903
   0.832
   0.548
   0.820
   1.102
   0.860
   0.747
   0.753
   0.894
   0.948
   0.590
   0.902
   0.811
   0.588
   0.825
   0.965
   0.847
   0.603
   0.981
   0.764
   1.025
   0.908
   0.879
   1.062
   0.545
   1.079
   1.051
   1.064
   0.835
   1.002
   0.829
   1.013
   0.709
   0.916
   0.540
   0.997
   0.808
   0.855
   1.008
   1.029
   0.935
   0.847
   0.515
   0.898
   0.548
   0.845
   1.020
   0.916
   0.935
   0.880
   0.952
   0.967
   0.853
   0.967
   1.002
   0.579
   1.016
   1.033
   0.976
   0.967
   0.845
   0.524
   0.550
   0.988
   1.047
   0.934
   0.890
   0.783
   0.815
   0.872
   0.878
   0.767
   0.717
   0.869
   0.921
   0.841
   0.922
   0.909
   0.956
   0.972
   0.940
   0.942
   1.065
   0.961
   0.807
   0.980
   0.976
   0.813
   0.893
   0.948
   0.507
   0.977
   0.827
   0.516
   0.864
   0.744
   0.946
   0.982
   0.814
   0.879
   1.064
   0.616
   1.079
   0.555
   0.956
   0.947
   0.875
   0.903
   1.002
   0.939
   0.834
   0.833
   0.841
   1.020
   1.059
   0.912
   0.868
   0.887
   0.577
   0.850
   0.810
   1.036
   0.850
   0.566
   0.982
   0.861
   1.057
   0.963
   0.827
   0.900
   0.583
   0.928
   1.039
   0.850
   0.865
   0.829
   0.576
   0.880
   0.509
   0.941
   1.005
   0.945
   0.988
   0.800
   0.773
   0.791
   0.975
   0.984
   0.890
   0.601
   0.865
   0.896
   0.757
   0.885
   0.912
   0.907
   0.584
   0.810
   0.757
   0.864
   0.632
   0.863
   0.611
   0.759
   1.010
   0.515
   0.870
   0.934
   0.580
   0.930
   1.006
   0.913
   0.913
   0.605
   0.935
   0.923
   0.553
   0.994
   1.028
   0.933
   0.859
   0.548
   0.923
   0.612
   0.792
   1.056
   0.873
   1.003
   0.888
   0.933
   0.761
   0.894
   0.830
   0.902
   0.941
   0.979
   0.621
   0.922
   0.944
   0.623
   0.770
   0.546
   0.961
   0.808
   1.025
   0.960
   0.998
   0.927
   0.708
   0.963
   0.935
   0.873
   0.531
   0.957
   0.975
   0.928
   0.877
   0.778
   0.867
   0.679
   0.781
   0.757
   1.003
   1.075
   0.984
   0.829
   0.988
   1.015
   0.791
   0.968
   0.899
   0.997
   0.577
   0.571
   1.039
   0.888
   1.000
   0.998
   1.020
   0.606
   0.832
   0.785
   0.560
   0.957
   0.533
   0.718
   1.068
   0.907
   0.707
   0.925
   0.803
   1.035
   1.016
   0.969
   1.041
   0.840
   0.872
   0.952
   0.777
   0.795
   0.918
   1.013
   0.892
   0.836
   1.008
   0.774
   0.830
   1.019
   0.983
   0.961
   1.001
   0.915
   0.934
   0.954
   0.934
   0.957
   0.780
   1.043
   0.975
   0.545
   0.908
   0.874
   0.884
   0.535
   0.554
   0.923
   0.844
   1.000
   1.011
   0.668
   0.984
   1.005
   1.003
   0.842
   0.591
   0.933
   0.897
   0.775
   0.827
   1.010
   0.573
   0.543
   0.859
   1.058
   1.041
   0.940
   0.944
   0.817
   0.780
   0.908
   0.802
   0.934
   0.837
   0.955
   0.906
   1.009
   1.009
   0.522
   0.912
   0.904
   0.565
   0.962
   1.044
   0.933
   0.980
   0.958
   0.630
   0.545
   1.017
   1.025
   0.998
   0.881
   0.938
   1.049
   0.911
   0.890
   0.688
   0.829
   0.624
   0.778
   0.864
   0.857
   1.030
   0.889
   0.824
   0.974
   0.625
   0.963
   0.757
   0.582
   0.883
   0.808
   1.014
   0.940
   0.919
   0.845
   0.703
   0.796
   1.058
   0.573
   0.883
   0.766
   0.932
   0.619
   0.916
   1.037
   0.837
   0.942
   0.983
   0.988
   0.994
   0.725
   0.889
   0.966
   0.772
   0.933
   0.922
   0.959
   0.908
   1.025
   0.894
   0.544
   0.869
   0.957
   0.768
   1.027
   0.839
   0.758
   0.527
   0.583
   0.881
   0.898
   0.920
   0.984
   0.973
   0.568
   0.575
   0.852
   0.569
   0.664
   0.876
   0.610
   0.802
   0.890
   0.600
   0.930
   0.927
   0.813
   0.959
   0.787
   0.849
   0.980
   0.874
   0.605
   0.985
   0.548
   1.042
   0.883
   0.984
   1.016
   0.908
   1.024
   0.732
   0.845
   0.579
   0.870
   0.865
   0.568
   0.592
   0.584
   0.945
   1.021
   1.026
   0.840
   0.589
   0.791
   0.965
   0.830
   0.961
   1.051
   0.673
   1.018
   0.638
   0.648
   0.921
   0.911
   0.953
   0.791
   0.792
   0.870
   0.972
   0.891
   0.961
   1.000
   0.838
   0.877
   0.971
   0.936
   0.947
   0.961
   0.580
   0.936
   0.994
   1.000
   1.050
   0.988
   0.923
   0.849
   0.894
   0.889
   0.835
   0.596
   0.618
   0.951
   0.945
   0.722
   0.952
   0.504
   0.900
   0.950
   0.832
   1.041
   0.766
   0.985
   0.855
   0.929
   0.965
   1.071
   0.886
   0.885
   1.008
   0.867
   0.954
   0.861
   0.905
   0.867
   0.882
   1.006
   0.885
   0.752
   0.874
   0.910
   0.871
   0.783
   0.697
   1.000
   0.863
   0.879
   0.916
   0.964
   0.755
   0.938
   0.830
   0.920
   0.953
   0.605
   0.937
   0.961
   0.602
   1.035
