  512
  
X         1.887     8.281     8.874
     1.551     9.151     8.811
     0.974     0.478     8.688
     0.266     1.285     8.477
     0.898     1.571     8.968
     0.748     1.737     0.463
     0.229     0.987     9.472
     9.014     0.530     0.414
     0.901     7.805     1.708
     0.408     8.660     2.004
     0.687     8.901     2.934
     0.894     0.287     3.320
     0.939     1.279     3.460
     1.628     1.884     3.785
     2.059     1.023     3.812
     2.576     0.768     4.595
     9.119     0.534     2.812
     9.167     1.272     3.476
     0.357     1.272     4.253
     0.136     0.353     4.214
     0.235     9.309     5.051
     1.246     8.934     5.115
     1.896     8.265     5.147
     1.742     8.245     6.136
     0.078     7.670     8.097
     0.790     8.241     7.854
     9.498     8.449     7.183
     0.074     9.214     6.628
     1.098     9.470     6.702
     0.827     9.283     7.628
     0.292     9.252     8.299
     9.366     0.247     7.537
     0.951     3.641     8.537
     1.245     4.452     8.987
     1.145     4.444     0.505
     1.093     3.884     1.184
     0.190     3.707     0.751
     0.210     3.047     9.385
     9.313     2.067     0.209
     8.824     1.611     0.889
     9.263     0.831     1.639
     0.512     1.617     1.868
     9.155     1.774     2.446
     8.956     2.434     1.557
     0.456     2.670     1.301
     0.661     3.336     2.071
     0.136     2.688     2.342
     0.011     3.519     2.857
     1.582     2.881     3.552
     1.143     2.770     4.334
     1.109     3.330     5.248
     1.265     4.210     4.866
     0.496     4.783     4.592
     0.088     4.257     5.305
     0.334     3.607     4.596
     0.647     4.104     3.719
     9.155     1.648     4.730
     8.805     2.327     5.434
     0.046     1.669     5.763
     0.472     2.491     5.708
     0.299     3.489     6.013
     0.260     3.108     6.962
     8.880     2.881     7.256
     8.687     3.452     6.575
     0.808     5.538     7.925
     0.779     5.761     8.991
     0.325     6.088     0.318
     9.246     5.995     1.152
     9.071     5.335     0.445
     0.186     4.622     9.434
     0.150     4.727     0.874
     8.754     4.728     1.180
     2.490     5.626     4.725
     2.321     6.447     4.149
     1.589     6.217     3.539
     1.130     5.263     3.659
     0.562     6.057     3.617
     9.322     5.320     3.618
     8.461     5.685     3.248
     9.330     5.754     2.642
     2.090     4.016     5.484
     1.422     4.769     5.717
     1.318     5.332     4.860
     0.699     6.137     4.724
     0.641     6.279     5.605
     0.137     5.234     5.755
     8.749     4.973     6.141
     7.900     4.521     6.335
     0.655     4.517     6.371
     0.954     5.421     6.675
     0.119     5.645     7.260
     9.102     6.193     7.767
     9.322     5.625     8.559
     0.244     4.697     8.158
     0.012     3.546     8.289
     8.662     3.054     8.742
     8.118     6.796     8.018
     8.867     6.656     8.631
     9.376     7.354     9.227
     8.806     8.124     0.134
     0.123     8.180     0.757
     0.857     8.428     0.153
     0.636     7.462     0.293
     9.364     7.222     0.986
     1.201     6.779     0.683
     0.912     6.184     1.461
     0.584     6.710     2.208
     9.434     6.669     3.085
     0.186     7.552     2.714
     9.085     7.808     3.544
     8.363     7.768     4.254
     8.633     6.918     3.607
     0.457     7.238     3.693
     0.837     8.132     3.779
     0.441     8.176     4.632
     0.866     7.727     5.296
     0.714     7.318     6.208
     9.313     7.331     6.526
     9.322     7.219     5.554
     9.244     7.100     4.485
     2.217     6.365     6.117
     1.677     7.090     6.556
     0.921     6.451     6.842
     0.968     7.186     7.563
     0.831     6.542     8.231
     1.315     6.874     8.960
     2.005     6.882     8.066
     2.388     6.491     7.423
     1.589     0.924     9.428
     2.383     0.323     0.102
     3.293     0.822     0.120
     2.416     1.510     0.098
     2.412     1.241     1.100
     2.911     0.390     1.007
     3.598     9.214     0.603
     4.078     8.919     1.381
     4.461     9.125     2.774
     3.461     9.343     2.734
     3.883     0.525     2.074
     3.702     1.509     2.329
     3.319     0.923     3.113
     3.067     0.340     3.858
     3.434     8.819     3.688
     3.898     8.308     3.010
     4.419     9.444     5.167
     4.301     0.869     5.582
     3.791     1.722     5.589
     3.281     0.926     5.450
     3.472     0.782     6.435
     4.068     1.268     7.147
     4.553     1.345     6.429
     4.493     0.314     6.542
     2.662     0.064     7.504
     3.269     9.018     8.117
     3.772     0.212     7.723
     3.023     0.745     8.162
     3.676     1.381     8.491
     4.455     1.123     9.101
     4.110     0.316     8.699
     3.339     9.287     9.146
     3.814     1.939     0.584
     4.380     2.886     0.651
     4.014     2.805     9.203
     3.093     3.455     9.198
     2.766     3.426     0.724
     3.341     2.730     1.236
     3.353     2.616     2.215
     2.671     2.083     2.442
     2.229     2.343     1.568
     1.335     2.472     2.070
     2.115     2.976     2.476
     2.555     3.722     2.236
     3.386     4.178     2.808
     3.592     3.386     3.333
     3.067     2.563     3.260
     3.857     2.084     3.638
     3.576     2.576     4.613
     2.802     3.031     4.285
     2.522     3.855     4.660
     2.330     2.920     5.103
     2.721     2.094     4.797
     2.589     2.031     5.723
     2.192     1.249     6.102
     2.783     1.460     6.753
     3.236     3.455     5.821
     2.796     3.787     6.590
     1.919     4.199     6.464
     1.310     3.442     6.291
     1.968     2.809     6.506
     3.010     2.682     6.724
     3.536     3.479     6.992
     3.603     3.489     8.109
     4.198     3.805     0.253
     3.657     4.544     9.247
     3.245     5.431     0.213
     2.470     5.451     0.820
     2.903     5.603     1.677
     3.672     5.127     1.363
     3.677     4.094     1.443
     2.721     4.409     1.336
     4.492     5.098     1.955
     4.759     6.016     2.185
     4.313     5.733     2.941
     4.788     5.801     3.831
     4.265     6.673     3.981
     3.374     6.099     3.975
     3.010     5.069     3.721
     3.888     4.798     3.489
     3.408     4.278     4.419
     3.666     4.509     5.334
     2.873     4.535     5.840
     2.543     5.409     6.109
     3.089     5.842     6.854
     3.667     5.514     6.289
     3.909     4.417     6.310
     4.589     3.839     5.833
     4.199     4.705     7.321
     4.005     5.771     7.426
     3.624     6.181     8.257
     2.837     5.438     8.049
     1.916     5.193     8.457
     1.523     4.522     7.789
     2.441     4.157     7.447
     2.346     4.069     8.395
     2.692     6.850     1.381
     2.718     7.502     0.721
     1.757     7.579     0.300
     2.213     8.402     0.430
     2.495     8.810     1.238
     3.401     8.140     1.248
     3.682     7.054     1.101
     3.376     6.195     0.823
     3.865     7.146     2.703
     3.008     7.609     2.700
     2.014     7.990     2.630
     1.752     8.634     3.072
     2.435     8.176     3.679
     2.949     7.430     3.851
     2.894     6.572     3.304
     2.147     6.789     2.510
     3.429     5.470     4.782
     3.871     6.412     4.974
     3.448     6.489     5.916
     3.306     7.173     5.104
     3.517     7.983     4.724
     3.488     8.038     5.698
     3.625     7.564     6.558
     2.696     7.500     6.173
     3.006     8.416     6.952
     2.140     8.534     7.388
     2.471     7.551     7.342
     2.684     7.942     8.072
     3.318     7.962     8.901
     3.077     6.991     8.918
     2.608     6.154     8.667
     2.113     6.094     9.610
     6.042     9.055     8.994
     5.431     0.304     9.388
     5.517     1.279     9.111
     4.953     2.108     0.070
     5.077     1.406     0.695
     5.246     0.446     0.927
     4.268     0.482     0.790
     4.416     9.346     0.067
     6.488     9.097     0.634
     6.632     9.265     1.631
     5.736     0.107     2.059
     4.858     0.165     1.750
     5.060     1.219     1.900
     4.805     0.620     2.717
     5.497     0.724     3.309
     4.496     0.734     3.659
     7.016     9.102     4.538
     6.740     0.496     4.051
     5.882     0.766     4.341
     4.912     0.602     4.639
     5.511     1.383     4.907
     6.296     0.965     5.396
     5.424     0.482     5.764
     5.433     9.237     6.356
     6.349     8.550     6.662
     6.519     0.070     6.978
     5.686     8.984     7.506
     5.278     0.439     7.283
     5.680     1.029     8.083
     5.290     0.222     8.309
     5.124     8.848     8.696
     4.687     8.220     8.254
     5.180     3.081     8.465
     5.771     2.420     9.061
     5.956     3.353     9.093
     5.073     3.520     0.024
     5.113     3.632     1.026
     6.137     3.317     1.022
     6.206     2.287     0.729
     5.336     2.650     0.771
     6.368     1.847     2.569
     5.897     1.940     1.683
     4.983     2.061     1.547
     4.525     2.942     1.823
     4.208     3.612     2.372
     5.140     3.531     2.547
     5.200     2.471     2.580
     5.584     2.053     3.340
     4.608     2.514     4.823
     5.568     2.440     4.591
     5.600     3.074     3.927
     4.570     3.172     3.931
     4.521     3.932     4.558
     5.258     3.462     4.992
     5.872     2.860     5.594
     5.865     1.873     6.130
     4.588     2.447     6.685
     5.000     2.895     6.074
     5.552     3.561     6.717
     4.564     3.644     7.096
     5.172     3.004     7.506
     5.867     2.566     6.834
     5.617     1.895     7.497
     5.002     2.040     8.203
     5.282     4.432     9.192
     5.376     5.359     8.984
     4.455     5.709     8.753
     3.947     6.484     9.161
     4.769     6.507     0.032
     5.342     5.745     0.429
     4.522     5.275     0.382
     5.086     4.839     1.098
     6.126     2.891     1.949
     6.241     3.927     2.123
     6.383     4.928     2.309
     5.789     5.722     2.038
     5.623     5.565     2.898
     5.382     4.506     2.796
     5.847     3.924     3.529
     6.495     4.124     4.257
     5.513     4.661     4.239
     5.831     5.678     4.370
     4.965     5.661     4.840
     4.297     5.262     5.288
     5.024     4.573     5.190
     5.331     5.302     5.870
     6.119     5.209     5.246
     5.921     4.205     5.465
     4.624     5.170     6.504
     5.448     4.743     6.677
     5.503     5.729     6.874
     5.087     5.927     7.608
     5.617     5.172     7.831
     6.044     4.519     8.500
     5.977     3.760     7.878
     5.239     4.328     7.557
     5.993     6.649     0.462
     5.502     7.446     0.463
     4.860     7.860     9.376
     4.079     8.263     0.373
     4.830     8.717     0.627
     4.785     7.797     1.072
     5.254     7.032     1.427
     6.279     6.749     1.614
     7.274     7.133     2.095
     6.737     7.462     1.242
     6.141     8.027     1.587
     5.295     7.617     2.105
     4.503     8.116     2.038
     4.780     7.707     2.892
     5.156     7.224     3.666
     4.493     7.829     4.000
     4.895     7.453     5.508
     4.913     8.496     5.413
     5.063     8.886     4.299
     5.565     9.179     5.034
     5.919     8.260     5.176
     5.988     7.198     5.357
     5.973     6.438     6.128
     4.896     6.521     6.077
     4.582     6.996     6.848
     5.420     7.201     7.305
     5.199     7.993     6.797
     4.355     8.643     6.657
     3.967     8.135     7.341
     3.680     7.319     7.835
     4.602     6.974     7.988
     5.343     6.811     8.625
     6.653     9.522     8.078
     7.152     0.439     8.776
     6.906     1.390     9.177
     7.890     1.001     9.199
     7.529     0.185     0.233
     7.491     0.386     1.283
     8.471     0.066     1.392
     8.352     9.027     0.555
     6.825     8.936     2.861
     7.502     0.026     2.278
     8.098     0.782     1.937
     7.504     1.308     2.245
     7.338     1.685     3.035
     8.147     1.514     3.449
     7.605     0.695     3.087
     6.554     0.564     2.960
     8.730     0.201     4.755
     8.290     0.607     3.946
     7.555     1.088     4.584
     8.217     1.163     5.229
     8.435     0.314     5.977
     8.698     8.848     6.315
     8.043     8.127     5.754
     7.266     8.610     5.589
     8.227     0.427     8.030
     8.717     1.281     7.490
     8.313     1.651     8.242
     7.388     1.371     8.063
     7.536     0.869     7.309
     7.727     0.271     6.612
     7.233     0.944     6.208
     7.312     1.526     5.490
     7.085     2.940     0.937
     7.528     2.104     0.561
     8.002     2.915     0.199
     7.750     3.688     9.103
     8.501     3.962     9.448
     8.510     3.740     0.898
     7.903     3.211     1.631
     7.989     2.131     1.596
     8.914     3.198     4.097
     8.803     2.858     3.317
     8.427     2.646     2.419
     7.423     2.428     2.366
     7.732     3.131     2.870
     7.802     2.359     3.429
     6.683     2.530     3.537
     6.417     3.347     2.991
     7.085     2.541     4.535
     8.086     2.758     4.579
     8.489     3.352     5.150
     8.254     4.364     5.316
     7.479     3.766     4.971
     6.927     3.102     5.313
     7.451     2.561     5.843
     7.466     3.566     6.240
     6.950     2.341     6.739
     7.812     2.817     6.891
     7.608     3.628     7.314
     6.699     3.585     7.067
     7.112     3.012     7.774
     6.818     3.622     8.634
     6.946     3.184     9.273
     7.023     2.556     8.693
     6.966     4.119     0.285
     7.751     4.765     0.361
     7.485     5.534     9.392
     6.411     5.313     0.029
     6.846     6.216     0.294
     6.832     5.972     1.313
     6.973     5.020     1.421
     6.180     4.419     1.092
     7.262     4.043     1.300
     7.198     4.202     2.155
     7.158     4.156     3.265
     7.448     5.003     3.123
     7.552     5.517     2.169
     7.093     6.337     2.609
     6.441     5.905     3.213
     6.313     4.913     3.345
     7.963     3.772     3.750
     8.850     4.215     3.838
     8.188     4.901     4.156
     7.247     5.209     4.207
     7.269     4.949     5.077
     7.924     5.364     5.667
     8.807     5.959     5.727
     9.073     6.142     4.805
     6.308     5.263     6.243
     6.731     4.379     6.291
     6.803     4.628     7.313
     6.629     5.658     7.116
     6.136     6.439     7.628
     7.214     6.536     7.581
     7.618     5.461     7.463
     6.730     5.257     8.032
     6.400     6.626     8.780
     7.392     6.606     8.807
     7.133     7.312     0.193
     7.564     7.928     0.872
     7.635     8.060     1.865
     8.581     8.246     1.390
     8.419     7.440     0.862
     8.761     6.680     0.262
     8.303     7.159     1.797
     8.429     7.667     2.532
     8.919     8.515     2.449
     8.010     8.848     2.859
     7.533     8.970     3.615
     7.100     8.200     3.945
     6.646     7.474     3.374
     6.348     6.923     4.099
     7.152     6.185     5.295
     7.937     6.682     5.450
     7.816     7.044     4.467
     7.190     7.663     4.866
     7.330     7.511     5.858
     8.310     7.153     6.332
     7.941     6.314     6.851
     8.875     6.401     6.682
     6.544     7.574     6.811
     7.603     7.661     7.035
     8.224     8.104     7.415
     7.820     8.893     7.984
     7.148     8.356     7.674
     6.837     8.378     8.738
     7.470     7.639     8.291
     8.554     7.806     8.557
