 format  1  0
dim                 
                   3
crystal_system      
             'cubic'
N_cell_param        
                   1
cell_param          
    3.8559020692E+00
group_name          
          'I a -3 d'
N_monomer           
                   2
N_star              
                 357
  1.300000000000E+01  7.000000000000E+00       0   0   0     1
  7.280734541134E+00 -5.801177024345E+00       2   1   1    24
  2.605311797319E+00 -1.992896674820E+00       2   2   0    12
 -4.957126555816E-01 -8.225930015145E-02       3   2   1    48
 -3.725974214486E-01 -3.482814259566E-01       4   0   0     6
 -4.038535244710E-01 -9.915878827605E-01       4   2   0    24
  8.277429326193E-01  1.190213236226E+00       3   3   2    24
  3.657952826865E-01  7.835185215773E-01       4   2   2    24
  3.345581543715E-01  7.554107092336E-01       4   3   1    48
  1.514614996650E-01 -3.738412433993E-01       5   2   1    48
  1.959994268307E-01 -2.264291398950E-01       4   4   0    12
  5.049964228256E-01 -4.316382244481E-01       6   1   1    24
  3.031927564073E-01 -3.464369848621E-01       5   3   2    48
  7.372996091180E-02 -9.280209391553E-02       6   2   0    24
  4.421568285213E-01 -3.589204467660E-01       5   4   1    48
  6.175484550503E-01 -2.047423371274E-01       6   3   1    48
 -3.687440117700E-01  3.563655220547E-01       4   4   4     8
 -6.901748979137E-01  5.001196573822E-01       5   4   3    48
  3.302563852683E-01 -5.458869301198E-02       6   4   0    24
 -1.034406243008E-01 -5.555604336022E-02       7   2   1    48
 -1.170165750019E-01  1.010974800989E-01       6   3   3    24
 -2.014202295024E-01  1.390924451293E-01       5   5   2    24
 -1.414707195934E-01  8.214110911338E-02       6   4   2    48
  3.285702755333E-01  2.297466699337E-01       7   3   2    48
  1.791597823888E-01  1.825216228183E-01       6   5   1    48
 -1.453179442191E-01 -1.548697667509E-01       8   0   0     6
 -2.453104810658E-02 -4.976996987209E-02       7   4   1    48
 -2.478632247501E-01 -3.023695151290E-01       8   2   0    24
  1.823818505935E-01  1.627993466225E-01       6   5   3    48
  2.014793162059E-01  2.656781888713E-01       8   2   2    24
  1.963421340222E-01  2.138330287278E-01       6   6   0    12
  9.033672662479E-02  1.041651522129E-01       8   3   1    48
  1.947536708522E-01  2.208354739938E-01       7   4   3    48
  3.066896083115E-01  4.084051670489E-01       7   5   2    48
 -1.024056925734E-01 -2.262408109690E-01       8   4   0    24
  1.132935216383E-01  2.104678159027E-01       8   4   2    48
  1.965860990838E-03 -4.275644641366E-02       9   2   1    48
  1.015292311736E-01  1.496062873188E-01       7   6   1    48
 -4.017553714019E-01 -4.170909400645E-01       6   5   5    24
 -2.833307656007E-01 -3.200989729473E-01       6   6   4    24
  8.848424438559E-02  2.074103933163E-01       8   5   1    48
 -2.489655012688E-01 -2.959481730849E-01       7   5   4    48
  2.219057342080E-02 -6.626113421215E-02       9   3   2    48
 -1.204741252290E-01 -1.313340849768E-01       7   6   3    48
 -3.455605988393E-02  2.330159765092E-02       8   4   4    24
  2.772683103905E-02 -6.272550018089E-02       9   4   1    48
 -3.172608187729E-02 -6.647900344951E-04       8   5   3    48
  4.539214056557E-02 -1.444287471319E-02       8   6   0    24
  8.786251553867E-02 -5.524530666548E-02      10   1   1    24
 -4.718289470847E-02  5.195621407188E-02       7   7   2    24
  8.282227020571E-03 -7.851698230772E-03      10   2   0    24
 -1.951301783189E-02  1.639579982369E-02       8   6   2    48
 -6.957130495036E-02  1.031094477623E-01       9   4   3    48
  1.302026925597E-01 -2.601574828922E-02      10   3   1    48
  3.091583123211E-02  1.252941443807E-02       9   5   2    48
 -7.421618418817E-03  2.230553910848E-02       7   6   5    48
 -9.007269826920E-02  4.729959637375E-02       8   7   1    48
  3.974817688579E-02 -7.356498588321E-03      10   4   0    24
 -7.104621206405E-02  6.379109831717E-02       8   6   4    48
 -6.152781310641E-02  5.682531081177E-03      10   3   3    24
  7.994787405124E-02  7.236673245615E-04       9   6   1    48
 -2.922183378231E-02  6.816631731587E-03      10   4   2    48
 -6.080516331552E-02  1.478539203310E-02       9   5   4    48
 -7.161998259546E-02  2.522307277589E-02       8   7   3    48
 -1.894068597915E-02 -1.207765825906E-02      11   2   1    48
  1.086427726676E-01  4.348661577598E-02      10   5   1    48
 -1.395157289614E-01  2.559567279092E-03       9   6   3    48
 -3.717600841788E-02  3.802157002229E-03       8   8   0    12
  5.909729539385E-02  4.395674380507E-02      11   3   2    48
 -1.942549544262E-02  3.495411795422E-03      10   5   3    48
 -7.514534518375E-02 -7.317062697848E-03       9   7   2    48
  8.826602794328E-02 -8.923267939260E-02       7   7   6    24
  8.583854928575E-02  4.289908024182E-02      10   6   0    24
  7.454243966869E-02 -5.332863094618E-02       8   6   6    24
 -1.809057764981E-02 -1.662437752664E-02      11   4   1    48
  8.746089547987E-02 -4.726156279255E-02       8   7   5    48
 -4.833166558295E-02 -1.824373045435E-02      10   6   2    48
  2.098553039099E-02 -2.612391461365E-02       9   6   5    48
 -3.941414588631E-02 -4.323794024079E-02      12   0   0     6
  5.177074081479E-03 -2.344896304995E-02       8   8   4    24
  6.148675357473E-02  5.634102360036E-02      11   4   3    48
  3.541190863742E-02  4.049852524584E-02       9   8   1    48
  7.018537347045E-03 -1.728664731935E-02       9   7   4    48
 -7.152808318157E-02 -8.376425302698E-02      12   2   0    24
  8.384078712311E-02  8.219101032581E-02      11   5   2    48
  1.971610895238E-02  3.127547202372E-02      10   7   1    48
 -6.724598417626E-02 -5.666911482503E-02      10   5   5    24
  6.207437904112E-02  7.669338158231E-02      12   2   2    24
 -4.419338388314E-02 -3.787649381068E-02      10   6   4    48
  1.661169803521E-02  1.867999218780E-02      12   3   1    48
 -6.697493196663E-02 -6.586595461772E-02       9   8   3    48
  7.985182971941E-03  5.333072871015E-03      11   6   1    48
  9.255555240644E-03  1.240693282982E-02      10   7   3    48
 -4.642153455052E-02 -6.898823504983E-02      12   4   0    24
 -8.664664526032E-02 -9.097415044527E-02      11   5   4    48
  5.259841582913E-02  7.807821597293E-02      12   4   2    48
  5.966423824357E-02  7.348738433591E-02      10   8   0    24
  2.856996578675E-03  1.018784109450E-02      11   6   3    48
 -6.661883940895E-02 -7.511449457756E-02       9   9   2    24
 -3.530218656071E-02 -3.137532048177E-02       9   7   6    48
 -2.165032635983E-02 -2.242112503581E-02      10   8   2    48
  2.841249236417E-02  4.214905074113E-02      12   5   1    48
 -5.098081284437E-02 -5.114897733292E-02       9   8   5    48
 -5.713009429724E-04 -6.709743501496E-03      13   2   1    48
  4.598363889182E-02  7.661695407334E-02      11   7   2    48
 -7.879419446005E-02 -8.887536805327E-02      10   7   5    48
 -1.623118507572E-02 -2.135706213203E-02      12   4   4    24
 -9.305948965291E-03 -1.109414108769E-02      12   5   3    48
 -9.233373211230E-03 -3.320928071076E-02      12   6   0    24
 -7.139082669157E-02 -9.076521709202E-02      10   8   4    48
  2.611880912225E-03 -1.182678930838E-02      13   3   2    48
 -2.459019421201E-02 -2.950446559093E-02      11   6   5    48
 -3.095213609168E-02 -4.091004464348E-02      10   9   1    48
  1.101440177643E-02  3.164451054642E-02      12   6   2    48
  2.235804818868E-03 -1.055828137731E-02      13   4   1    48
  1.707525069430E-02  3.219949913609E-02      11   8   1    48
 -4.573156735761E-02 -6.732919945787E-02      11   7   4    48
 -1.910956418404E-02 -2.437321498063E-02      10   9   3    48
  6.946241910794E-02  6.692534962844E-02       8   8   8     8
 -9.608925094305E-03  1.851413403899E-02      13   4   3    48
  7.688204292406E-03  3.671235671240E-02      12   7   1    48
 -2.432887717705E-02 -4.232472336020E-02      11   8   3    48
  1.299477247092E-01  1.297937138615E-01       9   8   7    48
 -7.112256035887E-03  5.530588293810E-03      12   6   4    48
  1.542671147468E-02 -5.367007895139E-03      14   1   1    24
  8.875768203009E-03 -8.101735386112E-04      13   5   2    48
  4.558351123270E-02  4.684516296576E-02      10   7   7    24
  5.279923769008E-02  5.627189277019E-02       9   9   6    24
  1.673753746427E-03 -9.326626381450E-04      14   2   0    24
 -6.343518142001E-03  3.258411744708E-03      10  10   0    12
  4.982003609482E-02  5.268968902813E-02      10   8   6    48
 -6.095006579471E-03 -2.436197527860E-03      12   7   3    48
  2.460295169595E-02  3.530186980812E-04      14   3   1    48
  1.134784357228E-02 -4.252203652637E-03      13   6   1    48
 -1.593371268206E-02  2.167746770275E-03      11   9   2    48
  1.126166956944E-02 -4.485888145911E-03      11   7   6    48
  1.973102462918E-02  1.171640610565E-02      10   9   5    48
  9.090616420911E-03  4.738048062984E-03      12   8   0    24
 -1.726652291722E-02  3.660739383084E-03      13   5   4    48
  3.262198532015E-03  1.490386147615E-03      11   8   5    48
  7.913547508948E-03 -6.692093313197E-04      14   4   0    24
 -5.433976366146E-03 -5.653181365584E-04      12   8   2    48
 -1.451234577908E-02 -2.227398287259E-03      14   3   3    24
 -2.588038398191E-02  6.348410481306E-03      13   6   3    48
 -6.951207622079E-03  4.053919936478E-04      14   4   2    48
  9.372091922156E-03 -1.729068978570E-02      12   6   6    24
  9.885219283362E-03 -1.204261497966E-02      10  10   4    24
  4.430066933993E-03 -1.379226077861E-02      12   7   5    48
  4.709536430401E-03 -7.117895589555E-03      11   9   4    48
  2.509763688789E-02  1.112253509035E-02      14   5   1    48
  2.280724099223E-03  8.153492017731E-03      13   7   2    48
 -1.991896689234E-02  1.844096194017E-03      11  10   1    48
 -1.336440920061E-02 -3.847729192300E-03      12   8   4    48
 -2.474464184017E-02 -5.155382732240E-03      12   9   1    48
 -3.839825187274E-03 -1.707231426198E-03      15   2   1    48
 -1.180489935141E-02 -4.903168830601E-03      14   5   3    48
  2.091858454140E-02  3.796154280332E-04      13   6   5    48
  2.243167264662E-02 -3.182755055207E-03      11  10   3    48
  1.498582624480E-03 -8.509635426829E-03      10   9   7    48
  1.924194633804E-02  7.939405654461E-03      14   6   0    24
  1.716242248770E-02  9.297821886438E-03      13   8   1    48
 -9.005577534520E-03 -9.291673388423E-03      13   7   4    48
 -1.389751726659E-02 -4.229917315852E-03      12   9   3    48
  6.867245021265E-03 -7.642002933957E-03      11   8   7    48
 -1.592489324383E-02 -5.675231474245E-03      14   6   2    48
  1.210771363064E-02  7.049253471792E-03      15   3   2    48
  1.820371815589E-02 -9.066658546879E-03      11   9   6    48
 -5.056897991796E-03 -2.220281890338E-03      15   4   1    48
 -3.424245109430E-02 -1.782021864323E-02      13   8   3    48
 -1.485973120666E-02 -5.621527909997E-03      12  10   0    24
  2.186834510377E-02 -1.522795742471E-03      12   8   6    48
  1.487377707629E-02  1.328833611528E-02      14   7   1    48
 -5.933034780600E-03 -5.673562126183E-03      14   5   5    24
  9.198643650914E-03  6.458372676297E-04      11  11   2    24
  1.230534962473E-02 -8.071583333873E-04      11  10   5    48
 -1.755691575901E-03 -2.803013422523E-03      14   6   4    48
  1.703780152338E-03 -4.831485623253E-04      12  10   2    48
  1.677432394589E-02  9.920035863184E-03      15   4   3    48
  2.964024535687E-02  7.481612185495E-03      12   9   5    48
  1.993308873876E-02  1.621099566389E-02      15   5   2    48
 -1.737217614846E-03 -7.813874322900E-04      14   7   3    48
 -2.326822436652E-02 -1.187623305754E-02      13   9   2    48
  4.204437506359E-03  1.692433082909E-03      13   7   6    48
 -1.344997238887E-02 -1.489823198464E-02      16   0   0     3
  1.127732100453E-02  3.611153435612E-03      13   8   5    48
 -2.479543402058E-02 -2.888835083058E-02      16   2   0    12
  2.615659228043E-02  2.119389118557E-02      14   8   0    24
  9.672168353986E-03  1.870324445486E-03      12  10   4    48
 -2.892398021855E-03 -4.996806802135E-04      15   6   1    48
 -1.046901016979E-02  2.178802438311E-02      10   9   9    24
  2.248230102293E-02  2.700809113216E-02      16   2   2    12
 -1.770883090111E-02 -1.345654775863E-02      14   8   2    48
 -1.205673622525E-02  1.346910478450E-02      10  10   8    24
 -2.588373893010E-02 -2.113479497536E-02      15   5   4    48
  8.614753792596E-03  1.326858768270E-03      13   9   4    48
 -8.649648572420E-03 -1.173847528713E-02      12  11   1    48
 -1.387828095255E-02  1.356232668440E-02      11   9   8    48
  1.072835248059E-02  5.055960479524E-03      15   6   3    48
 -1.808998085749E-02 -1.766131040943E-02      14   7   5    48
  4.105898642571E-03  5.560267003706E-03      13  10   1    48
 -9.254827207223E-03  5.969441510954E-03      11  10   7    48
 -1.866035309969E-02 -2.493669425613E-02      16   4   0    12
  5.284991375018E-04  7.303317567593E-03      12   8   8    24
 -1.126928763734E-02 -1.218474030018E-02      12  11   3    48
  7.290056526163E-04  5.980717368587E-03      12   9   7    48
  2.217814645691E-02  3.022155995743E-02      16   4   2    24
 -1.375202639417E-02 -1.426595115746E-02      14   8   4    48
  1.786126946056E-02  2.140475600259E-02      15   7   2    48
 -2.747539625381E-03 -8.854051489911E-04      14   9   1    48
 -1.012793360385E-02 -1.155513850773E-02      13  10   3    48
  7.194595988746E-03  9.067637278999E-03      11  11   6    24
  6.454396672799E-03  7.669355564230E-03      12  10   6    48
  2.149884583550E-02  1.894451358440E-02      13   8   7    48
 -1.659603292307E-02 -1.236446990923E-02      15   6   5    48
  3.355125470339E-04  2.493579839488E-04      14   9   3    48
  5.911253774553E-03  5.711762813490E-03      13   9   6    48
 -8.659256300910E-03 -1.228943087213E-02      16   4   4    12
 -1.207700275437E-02 -1.332740380152E-02      12  12   0    12
  6.180097340781E-04  3.905621566401E-03      15   8   1    48
 -2.195871790360E-02 -2.490154377408E-02      15   7   4    48
  1.925582235650E-02  2.060559674077E-02      12  11   5    48
 -8.114529603185E-03 -1.562907413882E-02      16   6   0    12
  1.613251731419E-02  1.654936931534E-02      14   7   7    24
 -2.015842111296E-02 -2.330686225233E-02      13  11   2    48
 -1.508041967954E-03 -3.125824808190E-03      13  10   5    48
  9.111389637539E-03  1.691088011799E-02      16   6   2    24
  1.389525357221E-02  1.902159154691E-02      14  10   0    24
  1.652151856007E-02  1.620560166844E-02      14   8   6    48
  1.945995951776E-03 -4.000072087552E-03      15   8   3    48
 -7.635985020352E-03 -9.201925515337E-03      14  10   2    48
 -4.882079332083E-03 -8.040264950619E-03      14   9   5    48
  3.896050522570E-03  2.850670759821E-03      11  10   9    48
  1.603780739228E-02  1.794998505069E-02      12  12   4    24
  8.161143501824E-03  7.506916700441E-03      13  11   4    48
 -3.939662839273E-03 -4.164922740588E-03      16   6   4    24
  1.488758082962E-02  1.532071734889E-02      12  10   8    48
  2.170542446043E-03  1.090908716632E-02      15   9   2    48
  1.103121166401E-02  1.033595393819E-02      15   7   6    48
 -1.271324015773E-02 -1.947448559188E-02      14  10   4    48
 -5.495307942021E-03 -2.336045227900E-03      15   8   5    48
 -7.823706007858E-03 -1.044334532151E-02      13  12   1    48
  1.136577983575E-02  1.268393915011E-02      13   9   8    48
  1.397193156081E-02  1.373985674991E-02      12  11   7    48
 -5.844966388469E-03 -9.355074962131E-03      14  11   1    48
  2.265700362089E-02  2.554639463284E-02      13  10   7    48
  1.092086710541E-03 -3.401747796277E-03      16   8   0    12
 -4.057849495020E-03 -1.142506446603E-02      15   9   4    48
  6.900508081076E-03  9.931553850408E-03      13  12   3    48
 -7.761630790177E-04  3.202581438150E-03      16   8   2    24
 -6.340725914080E-04  3.371433783219E-03      15  10   1    48
 -3.204676838942E-03 -4.713579356731E-03      14  11   3    48
  6.935412631594E-03  8.945134590677E-03      14   9   7    48
  1.503381148890E-02  1.812837604220E-02      13  11   6    48
  1.025674537793E-03 -4.084296406325E-03      16   6   6    12
  1.493683785910E-02  1.962329880256E-02      14  10   6    48
  2.509560304890E-03 -4.530104101935E-03      15  10   3    48
 -2.216169010020E-03  3.792692845194E-04      16   8   4    24
  3.161093015793E-04 -1.928793865673E-03      15   8   7    48
  4.994075663330E-03  4.138770833083E-03      13  12   5    48
 -1.446402102424E-03  1.822457363158E-03      14  12   0    24
  2.713411793947E-03  9.084817532690E-04      15   9   6    48
  5.314283875103E-03  7.045700085607E-03      14  11   5    48
  2.472688375052E-03 -7.325087633945E-04      13  13   2    24
 -2.967417880515E-02 -2.770924842721E-02      11  11  10    24
  3.181737583505E-04 -9.194484244541E-04      14  12   2    48
 -2.267765779382E-02 -2.214269040728E-02      12  10  10    24
 -2.473013920909E-02 -2.367253965014E-02      12  11   9    48
 -1.012501259331E-02 -7.881198025518E-03      15  11   2    48
 -1.553824822011E-03  1.723650551268E-04      15  10   5    48
 -1.269150953355E-02 -1.334908021382E-02      13  10   9    48
 -8.355256747646E-03 -7.591724317413E-03      12  12   8    24
 -9.687352336583E-03 -7.792167735405E-03      13  11   8    48
  1.303863194361E-03  2.465014612079E-03      16  10   0    12
  6.157146802779E-03 -2.715476379515E-03      16   8   6    24
  2.952185133762E-03 -2.968298844143E-03      14  12   4    48
 -1.307300299061E-04  3.231073949102E-03      14   9   9    24
 -1.057390965038E-03 -1.332290681862E-03      16  10   2    24
 -2.852273257920E-03 -6.305745407643E-04      14  10   8    48
  5.722923410948E-03  2.826936178203E-03      15  11   4    48
 -1.184641569477E-03  1.226002377118E-03      13  12   7    48
  6.974931581204E-03  3.482799735790E-03      14  13   1    48
 -6.698311109086E-04 -1.091672973986E-03      14  11   7    48
 -5.223096745467E-03 -2.463899491217E-03      15  12   1    48
  6.189643333053E-04  7.156358732995E-03      15   9   8    48
 -2.434425162932E-03 -2.332584808163E-03      16  10   4    24
 -3.104014441726E-03 -1.814190850702E-03      15  10   7    48
  6.398783048278E-03  2.597410918496E-03      14  13   3    48
 -1.934513284114E-03  2.662738707714E-03      13  13   6    24
 -8.717133158178E-04  3.712253226559E-03      14  12   6    48
  7.439098936755E-03  3.628323848474E-03      15  12   3    48
  5.863338246579E-03  3.720097833153E-03      15  11   6    48
 -4.527084538447E-03  7.420781515134E-04      16   8   8    12
 -5.741456650481E-03 -2.410205137384E-03      14  13   5    48
  5.899383310195E-04  1.341947133113E-03      13  11  10    48
  6.171821998218E-03  3.600274205309E-03      16  10   6    24
  1.724311199404E-03  7.818996077684E-04      14  14   0    12
  2.176481912669E-03  1.156262161829E-03      15  12   5    48
 -1.431118803956E-03  1.439156995041E-03      13  12   9    48
  1.188551867474E-03 -2.026418726469E-03      15  13   2    48
 -2.320543188010E-03  1.611569519656E-03      14  11   9    48
 -7.013664561378E-03 -5.157603236913E-03      16  12   0    12
  1.754961276274E-03  8.208474245645E-04      16  12   2    24
 -4.910381446484E-03  7.269068909906E-04      14  12   8    48
  3.527065216868E-03  5.499779783652E-03      15  10   9    48
 -7.901165029000E-04 -3.661069179677E-04      14  14   4    24
  9.645348884743E-04  2.376144679699E-03      15  13   4    48
 -6.993011079582E-03 -1.823003948864E-03      15  11   8    48
 -3.946116489450E-03 -1.369631752328E-03      14  13   7    48
  6.661289294270E-03  5.202131112129E-03      16  12   4    24
 -8.212049858734E-03 -5.767199576484E-03      15  12   7    48
 -1.077224441738E-03  6.065592384056E-04      16  10   8    24
  6.120733755882E-04  1.249348923466E-04      15  14   1    48
  4.588562402153E-04  5.535256104250E-04      15  14   3    48
  1.598768062368E-03  3.176306619958E-03      15  13   6    48
  1.445766075301E-03 -2.361109192864E-03      12  12  12     8
  6.974665269600E-04 -6.936104536711E-03      13  12  11    48
 -1.210032347081E-03  3.132518427731E-04      16  12   6    24
  3.025234883789E-04 -1.448839414408E-03      14  11  11    24
  1.956042802678E-03 -2.405341173375E-03      13  13  10    24
  1.214269788589E-03 -3.322083695946E-03      14  12  10    48
  5.411666638275E-04  1.491384502986E-03      15  14   5    48
 -3.133307736175E-03 -4.097611364382E-03      15  11  10    48
 -5.682522828316E-04 -2.097004512165E-03      14  13   9    48
  2.321895579834E-03  2.665830129694E-03      15  12   9    48
 -6.092097844719E-03 -6.699080906044E-03      16  14   0    12
  6.013926640061E-03  5.346939983133E-03      15  15   2    24
  8.454419438448E-04  1.058927917936E-03      16  14   2    24
 -5.666290415674E-03 -5.436346005125E-03      16  10  10    12
 -4.561549496815E-03 -3.645334137210E-03      14  14   8    24
 -4.757217002124E-03 -5.634825457763E-03      15  13   8    48
 -4.285141394501E-04 -2.959522126277E-04      16  12   8    24
  7.547010805147E-03  8.460709545358E-03      16  14   4    24
 -3.800943328193E-03 -4.119043568247E-03      15  14   7    48
 -4.821101848737E-03 -3.565342099476E-03      15  15   6    24
 -1.936225909017E-03 -1.668500111882E-03      14  13  11    48
 -2.394864577011E-03 -2.831850133234E-03      16  14   6    24
 -1.830989983820E-03 -6.531712257445E-04      15  12  11    48
 -4.255102143474E-03 -4.462752006137E-03      15  13  10    48
 -6.947893376853E-03 -7.300126443705E-03      16  12  10    24
 -1.183008402561E-03 -1.627449290243E-03      15  14   9    48
  1.144621074919E-03  4.377243803133E-04      16  16   0     3
 -3.319687140057E-03 -3.740735591424E-03      16  14   8    24
 -1.490102335607E-03 -1.073639573975E-04      16  16   4     6
  6.186047454149E-03  5.619424135126E-03      14  13  13    24
  6.591707019541E-03  6.496615322292E-03      14  14  12    24
  8.390570380525E-03  6.919150010694E-03      15  13  12    48
  2.830121916764E-03  3.770465016354E-03      15  14  11    48
  2.878820461721E-03  2.560151326470E-03      16  12  12    12
  2.044437128315E-03  3.997076004423E-04      15  15  10    24
  2.027813284174E-03  1.531169012579E-03      16  14  10    24
  1.296235282045E-03 -7.171065033570E-04      16  16   8     6
  3.303277491869E-05 -6.439648234485E-04      15  14  13    48
 -1.403337084821E-03 -2.014408457369E-03      16  14  12    24
  2.326574916913E-03  2.982606844840E-03      15  15  14    24
 -1.794618883316E-03 -4.723143835942E-04      16  14  14    12
 -4.475818793656E-06  7.007896170602E-04      16  16  12     6
 -2.783790151725E-03 -2.441860154941E-03      16  16  16     1
