 format  1  0
dim                 
                   3
crystal_system      
             'cubic'
N_cell_param        
                   1
cell_param          
    3.8559020692E+00
group_name          
          'I a -3 d'
N_monomer           
                   2
N_star              
                 357
  3.500000000000E-01  6.500000000000E-01       0   0   0     1
 -3.270477816626E-01  3.270477894493E-01       2   1   1    24
 -1.149552148545E-01  1.149552055201E-01       2   2   0    12
  1.033632791860E-02 -1.033633644259E-02       3   2   1    48
  6.079047116012E-04 -6.079044383626E-04       4   0   0     6
 -1.469333826634E-02  1.469337573837E-02       4   2   0    24
  9.061757132295E-03 -9.061758917346E-03       3   3   2    24
  1.044308707761E-02 -1.044306311264E-02       4   2   2    24
  1.052131666620E-02 -1.052132029758E-02       4   3   1    48
 -1.313256268344E-02  1.313257208833E-02       5   2   1    48
 -1.056071653343E-02  1.056069407093E-02       4   4   0    12
 -2.341586980595E-02  2.341586300733E-02       6   1   1    24
 -1.624074537926E-02  1.624074648508E-02       5   3   2    48
 -4.163307002973E-03  4.163286953979E-03       6   2   0    24
 -2.002693740148E-02  2.002693721405E-02       5   4   1    48
 -2.055726955816E-02  2.055727252739E-02       6   3   1    48
  1.812773485468E-02 -1.812774600296E-02       4   4   4     8
  2.975735549837E-02 -2.975736624680E-02       5   4   3    48
 -9.621135198650E-03  9.621122998553E-03       6   4   0    24
  1.197119585321E-03 -1.197103790763E-03       7   2   1    48
  5.452846254916E-03 -5.452857848388E-03       6   3   3    24
  8.512823884444E-03 -8.512809369168E-03       5   5   2    24
  5.590296994386E-03 -5.590301032480E-03       6   4   2    48
 -2.470592655492E-03  2.470584924714E-03       7   3   2    48
  8.404885710913E-05 -8.405035144077E-05       6   5   1    48
 -2.387909057440E-04  2.387929020541E-04       8   0   0     6
 -6.309719565067E-04  6.309729142375E-04       7   4   1    48
 -1.362654052882E-03  1.362651810840E-03       8   2   0    24
 -4.895643786913E-04  4.895602772309E-04       6   5   3    48
  1.604968403273E-03 -1.604970438192E-03       8   2   2    24
  4.372733597507E-04 -4.372815590227E-04       6   6   0    12
  3.457161825030E-04 -3.457196263266E-04       8   3   1    48
  6.520408030070E-04 -6.520410581323E-04       7   4   3    48
  2.542891059675E-03 -2.542893861805E-03       7   5   2    48
 -3.095875957342E-03  3.095875600317E-03       8   4   0    24
  2.429351985515E-03 -2.429354954790E-03       8   4   2    48
 -1.118058511113E-03  1.118061576916E-03       9   2   1    48
  1.201925243097E-03 -1.201924133965E-03       7   6   1    48
 -3.833838957339E-04  3.833801821723E-04       6   5   5    24
 -9.192027012111E-04  9.192004918770E-04       6   6   4    24
  2.973154509074E-03 -2.973156878238E-03       8   5   1    48
 -1.174562660333E-03  1.174575434298E-03       7   5   4    48
 -2.211286083853E-03  2.211288169803E-03       9   3   2    48
 -2.715037414622E-04  2.715022797661E-04       7   6   3    48
  1.446450813327E-03 -1.446448312576E-03       8   4   4    24
 -2.261309398459E-03  2.261308943905E-03       9   4   1    48
  7.765312322774E-04 -7.765311103806E-04       8   5   3    48
 -1.495868510127E-03  1.495876908159E-03       8   6   0    24
 -3.577700072259E-03  3.577690099753E-03      10   1   1    24
  2.478480528522E-03 -2.478480896428E-03       7   7   2    24
 -4.033477645407E-04  4.033491325313E-04      10   2   0    24
  8.977167834731E-04 -8.977201720217E-04       8   6   2    48
  4.317018556850E-03 -4.317022747284E-03       9   4   3    48
 -3.905465158065E-03  3.905457453583E-03      10   3   1    48
 -4.596607508278E-04  4.596591469933E-04       9   5   2    48
  7.431791254202E-04 -7.431826469102E-04       7   6   5    48
  3.434307855256E-03 -3.434309470927E-03       8   7   1    48
 -1.177615272188E-03  1.177619121251E-03      10   4   0    24
  3.370936325333E-03 -3.370936323084E-03       8   6   4    48
  1.680263362798E-03 -1.680257579122E-03      10   3   3    24
 -1.980603257045E-03  1.980607330178E-03       9   6   1    48
  9.009604466812E-04 -9.009590070942E-04      10   4   2    48
  1.889764353266E-03 -1.889763327390E-03       9   5   4    48
  2.421075273115E-03 -2.421077564302E-03       8   7   3    48
  1.715756127629E-04 -1.715746216534E-04      11   2   1    48
 -1.628909287384E-03  1.628903696611E-03      10   5   1    48
  3.551884158003E-03 -3.551881124253E-03       9   6   3    48
  1.024455863899E-03 -1.024455427058E-03       8   8   0    12
 -3.785156243618E-04  3.785156851359E-04      11   3   2    48
  5.730264989438E-04 -5.730235000097E-04      10   5   3    48
  1.695708348000E-03 -1.695708420454E-03       9   7   2    48
 -4.437471302453E-03  4.437468070071E-03       7   7   6    24
 -1.073488150561E-03  1.073486054013E-03      10   6   0    24
 -3.196778451304E-03  3.196774846783E-03       8   6   6    24
  3.665357856043E-05 -3.665295122789E-05      11   4   1    48
 -3.368063145728E-03  3.368059097914E-03       8   7   5    48
  7.521976352880E-04 -7.521960569832E-04      10   6   2    48
 -1.177737383336E-03  1.177734213008E-03       9   6   5    48
 -9.559543876167E-05  9.559220834809E-05      12   0   0     6
 -7.156528323483E-04  7.156520118452E-04       8   8   4    24
 -1.286438281130E-04  1.286433745308E-04      11   4   3    48
  1.271624489083E-04 -1.271667718096E-04       9   8   1    48
 -6.076313672379E-04  6.076283672702E-04       9   7   4    48
 -3.059066325836E-04  3.059017899660E-04      12   2   0    24
 -4.124654876373E-05  4.124492336023E-05      11   5   2    48
  2.889799621336E-04 -2.889832937180E-04      10   7   1    48
  2.644201588211E-04 -2.644219401185E-04      10   5   5    24
  3.654777974215E-04 -3.654733465625E-04      12   2   2    24
  1.579227212588E-04 -1.579243526033E-04      10   6   4    48
  5.170630082616E-05 -5.170594475112E-05      12   3   1    48
  2.772403079770E-05 -2.772267100176E-05       9   8   3    48
 -6.630170411581E-05  6.630277350188E-05      11   6   1    48
  7.878329234483E-05 -7.878612871829E-05      10   7   3    48
 -5.641703865948E-04  5.641687693782E-04      12   4   0    24
 -1.081867252128E-04  1.081863397036E-04      11   5   4    48
  6.369984153837E-04 -6.369952645706E-04      12   4   2    48
  3.455800942902E-04 -3.455806945688E-04      10   8   0    24
  1.832696125986E-04 -1.832705259323E-04      11   6   3    48
 -2.123939364494E-04  2.123932726186E-04       9   9   2    24
  9.816963328393E-05 -9.817067588778E-05       9   7   6    48
 -1.927125668462E-05  1.927053438571E-05      10   8   2    48
  3.434153152242E-04 -3.434146501895E-04      12   5   1    48
 -4.204211663047E-06  4.204620368940E-06       9   8   5    48
 -1.534608577794E-04  1.534618328595E-04      13   2   1    48
  7.658334051565E-04 -7.658332855290E-04      11   7   2    48
 -2.520285029936E-04  2.520286468951E-04      10   7   5    48
 -1.281485067687E-04  1.281468291721E-04      12   4   4    24
 -4.470327666795E-05  4.470444992316E-05      12   5   3    48
 -5.993995941542E-04  5.993984195136E-04      12   6   0    24
 -4.843607797633E-04  4.843600071308E-04      10   8   4    48
 -3.609665529699E-04  3.609678680662E-04      13   3   2    48
 -1.228576386957E-04  1.228567890585E-04      11   6   5    48
 -2.489497182258E-04  2.489501728686E-04      10   9   1    48
  5.157542585572E-04 -5.157533797900E-04      12   6   2    48
 -3.198536793469E-04  3.198532762725E-04      13   4   1    48
  3.781063173322E-04 -3.781077672909E-04      11   8   1    48
 -5.399398645614E-04  5.399404036009E-04      11   7   4    48
 -1.315918059292E-04  1.315923850265E-04      10   9   3    48
 -6.342537254257E-05  6.342714305255E-05       8   8   8     8
  7.030777794720E-04 -7.030779770981E-04      13   4   3    48
  7.256036376526E-04 -7.256048412808E-04      12   7   1    48
 -4.498957965874E-04  4.498970915959E-04      11   8   3    48
 -3.850131057092E-06  3.851695621179E-06       9   8   7    48
  3.160704872529E-04 -3.160707447805E-04      12   6   4    48
 -5.198415054615E-04  5.198430129646E-04      14   1   1    24
 -2.421484688511E-04  2.421486214171E-04      13   5   2    48
  3.154156978245E-05 -3.154125207095E-05      10   7   7    24
  8.681726090162E-05 -8.681635142558E-05       9   9   6    24
 -6.516073225373E-05  6.516058741314E-05      14   2   0    24
  2.400475729609E-04 -2.400483365122E-04      10  10   0    12
  7.174092312509E-05 -7.174107254614E-05      10   8   6    48
  9.147050139600E-05 -9.147005505620E-05      12   7   3    48
 -6.062482917449E-04  6.062485602628E-04      14   3   1    48
 -3.900015897005E-04  3.900016138349E-04      13   6   1    48
  4.525361849426E-04 -4.525363389262E-04      11   9   2    48
 -3.936881637583E-04  3.936881185867E-04      11   7   6    48
 -2.003642965894E-04  2.003646235535E-04      10   9   5    48
 -1.088152622632E-04  1.088143516166E-04      12   8   0    24
  5.231814524902E-04 -5.231820546053E-04      13   5   4    48
 -4.429580648749E-05  4.429548599476E-05      11   8   5    48
 -2.145694599879E-04  2.145691935577E-04      14   4   0    24
  1.217170418864E-04 -1.217167065023E-04      12   8   2    48
  3.071229696789E-04 -3.071236138870E-04      14   3   3    24
  8.057203600794E-04 -8.057207734609E-04      13   6   3    48
  1.839152368536E-04 -1.839150075334E-04      14   4   2    48
 -6.665695225326E-04  6.665696489780E-04      12   6   6    24
 -5.481949178124E-04  5.481958815382E-04      10  10   4    24
 -4.555584034037E-04  4.555585840219E-04      12   7   5    48
 -2.956857407790E-04  2.956861050137E-04      11   9   4    48
 -3.493777167144E-04  3.493777693105E-04      14   5   1    48
  1.468186201348E-04 -1.468187754784E-04      13   7   2    48
  5.440759540387E-04 -5.440767042644E-04      11  10   1    48
  2.379172052225E-04 -2.379173128128E-04      12   8   4    48
  4.897317170034E-04 -4.897317569087E-04      12   9   1    48
  5.331541474049E-05 -5.331534217098E-05      15   2   1    48
  1.725430362253E-04 -1.725430058834E-04      14   5   3    48
 -5.134748562258E-04  5.134747213606E-04      13   6   5    48
 -6.403601791251E-04  6.403610173256E-04      11  10   3    48
 -2.502045846474E-04  2.502048565198E-04      10   9   7    48
 -2.825635830360E-04  2.825631393941E-04      14   6   0    24
 -1.966156026620E-04  1.966152250395E-04      13   8   1    48
 -7.153117072932E-06  7.152477638889E-06      13   7   4    48
  2.416900983382E-04 -2.416897595328E-04      12   9   3    48
 -3.627308040786E-04  3.627311122099E-04      11   8   7    48
  2.562420904273E-04 -2.562415805946E-04      14   6   2    48
 -1.264622319506E-04  1.264622155390E-04      15   3   2    48
 -6.817591879767E-04  6.817596287437E-04      11   9   6    48
  7.091556529969E-05 -7.091576957788E-05      15   4   1    48
  4.105567137832E-04 -4.105561955412E-04      13   8   3    48
  2.309548561058E-04 -2.309548464302E-04      12  10   0    24
 -5.847787511833E-04  5.847787728551E-04      12   8   6    48
 -3.963613056311E-05  3.963598262755E-05      14   7   1    48
  6.486561829741E-06 -6.487017636904E-06      14   5   5    24
 -2.138194964308E-04  2.138200751048E-04      11  11   2    24
 -3.278126083766E-04  3.278127706132E-04      11  10   5    48
 -2.618352891104E-05  2.618305900150E-05      14   6   4    48
 -5.467324561777E-05  5.467348116109E-05      12  10   2    48
 -1.713575391991E-04  1.713576355225E-04      15   4   3    48
 -5.539663571629E-04  5.539661834894E-04      12   9   5    48
 -9.305203291097E-05  9.305222117538E-05      15   5   2    48
  2.389556351878E-05 -2.389568034891E-05      14   7   3    48
  2.848005176384E-04 -2.847996896579E-04      13   9   2    48
 -6.279997615991E-05  6.279997553769E-05      13   7   6    48
 -3.620621385242E-05  3.620575941190E-05      16   0   0     3
 -1.916541772952E-04  1.916541478135E-04      13   8   5    48
 -1.023229729451E-04  1.023222404988E-04      16   2   0    12
 -1.240679300598E-04  1.240670156998E-04      14   8   0    24
 -1.950458252880E-04  1.950457702156E-04      12  10   4    48
  5.981814857647E-05 -5.981800260123E-05      15   6   1    48
  8.064253858150E-04 -8.064251152815E-04      10   9   9    24
  1.131449355092E-04 -1.131441972291E-04      16   2   2    12
  1.063074771707E-04 -1.063067601176E-04      14   8   2    48
  6.381459631291E-04 -6.381455714832E-04      10  10   8    24
  1.187236148210E-04 -1.187236762104E-04      15   5   4    48
 -1.821977680717E-04  1.821974831815E-04      13   9   4    48
 -7.722026485550E-05  7.722069463337E-05      12  11   1    48
  6.860152880800E-04 -6.860148602079E-04      11   9   8    48
 -1.418099477046E-04  1.418098284322E-04      15   6   3    48
  1.071704097750E-05 -1.071687247217E-05      14   7   5    48
  3.635941666048E-05 -3.635927199014E-05      13  10   1    48
  3.806068179553E-04 -3.806065511877E-04      11  10   7    48
 -1.569092530732E-04  1.569087758174E-04      16   4   0    12
  1.693706492112E-04 -1.693701402153E-04      12   8   8    24
 -2.288599968381E-05  2.288621914373E-05      12  11   3    48
  1.312931042185E-04 -1.312925859481E-04      12   9   7    48
  2.010860588630E-04 -2.010852866866E-04      16   4   2    24
 -1.284806564458E-05  1.284808259734E-05      14   8   4    48
  8.858744780983E-05 -8.858757947667E-05      15   7   2    48
  4.655378342335E-05 -4.655335126322E-05      14   9   1    48
 -3.567998957489E-05  3.568010840502E-05      13  10   3    48
  4.682604062743E-05 -4.682561727787E-05      11  11   6    24
  3.037421273522E-05 -3.037395544942E-05      12  10   6    48
 -6.385805902915E-05  6.385854868603E-05      13   8   7    48
  1.057890794498E-04 -1.057890193831E-04      15   6   5    48
 -2.153668448578E-06  2.153747684179E-06      14   9   3    48
 -4.986770235353E-06  4.987145581949E-06      13   9   6    48
 -9.075451073227E-05  9.075419092753E-05      16   4   4    12
 -3.125958635130E-05  3.126027856988E-05      12  12   0    12
  8.219049997082E-05 -8.219055065788E-05      15   8   1    48
 -7.357073110995E-05  7.357088104239E-05      15   7   4    48
  3.374428303451E-05 -3.374414648166E-05      12  11   5    48
 -1.878640184908E-04  1.878640017011E-04      16   6   0    12
  1.042163012606E-05 -1.042133273813E-05      14   7   7    24
 -7.871083557786E-05  7.871146549571E-05      13  11   2    48
 -4.044443330051E-05  4.044437562294E-05      13  10   5    48
  1.949878032726E-04 -1.949875650148E-04      16   6   2    24
  1.281587442460E-04 -1.281592260013E-04      14  10   0    24
 -7.897611353015E-06  7.897799013280E-06      14   8   6    48
 -1.486518450896E-04  1.486519359127E-04      15   8   3    48
 -3.914836572463E-05  3.914886932877E-05      14  10   2    48
 -7.895435714396E-05  7.895471380037E-05      14   9   5    48
 -2.613452252667E-05  2.613455544394E-05      11  10   9    48
  4.780445138821E-05 -4.780466949873E-05      12  12   4    24
 -1.635578918719E-05  1.635550070431E-05      13  11   4    48
 -5.631550981481E-06  5.631432464381E-06      16   6   4    24
  1.082833793285E-05 -1.082796540286E-05      12  10   8    48
  2.184639881804E-04 -2.184640604311E-04      15   9   2    48
 -1.738109598139E-05  1.738121302683E-05      15   7   6    48
 -1.690312920776E-04  1.690315109355E-04      14  10   4    48
  7.898187987310E-05 -7.898172112637E-05      15   8   5    48
 -6.549094643366E-05  6.549119961783E-05      13  12   1    48
  3.295390256742E-05 -3.295368281774E-05      13   9   8    48
 -5.801934170620E-06  5.802217977114E-06      12  11   7    48
 -8.775297593371E-05  8.775294038129E-05      14  11   1    48
  7.223444235538E-05 -7.223461550035E-05      13  10   7    48
 -1.123460449321E-04  1.123460703411E-04      16   8   0    12
 -1.841804318548E-04  1.841806712559E-04      15   9   4    48
  7.577620665803E-05 -7.577644015322E-05      13  12   3    48
  9.946859884780E-05 -9.946870680024E-05      16   8   2    24
  1.001378129937E-04 -1.001377911914E-04      15  10   1    48
 -3.772257515768E-05  3.772264899264E-05      14  11   3    48
  5.024295109283E-05 -5.024315086675E-05      14   9   7    48
  7.736408594478E-05 -7.736425521513E-05      13  11   6    48
 -1.277491902267E-04  1.277492326242E-04      16   6   6    12
  1.171612511918E-04 -1.171616185861E-04      14  10   6    48
 -1.759918784168E-04  1.759918063965E-04      15  10   3    48
  6.488614011564E-05 -6.488616306290E-05      16   8   4    24
 -5.612252079497E-05  5.612252018818E-05      15   8   7    48
 -2.138273699087E-05  2.138265718020E-05      13  12   5    48
  8.172164368263E-05 -8.172177871652E-05      14  12   0    24
 -4.512329943719E-05  4.512329281910E-05      15   9   6    48
  4.328527865367E-05 -4.328552754329E-05      14  11   5    48
 -8.013015726763E-05  8.013031441283E-05      13  13   2    24
  4.912345979925E-05 -4.912363095013E-05      11  11  10    24
 -3.094071287684E-05  3.094066640812E-05      14  12   2    48
  1.337442841232E-05 -1.337452438284E-05      12  10  10    24
  2.644028660316E-05 -2.644013386914E-05      12  11   9    48
  5.609556788899E-05 -5.609522326721E-05      15  11   2    48
  4.315476458588E-05 -4.315476190075E-05      15  10   5    48
 -1.643920173373E-05  1.643926241621E-05      13  10   9    48
  1.908836568206E-05 -1.908826919992E-05      12  12   8    24
  4.737981959111E-05 -4.737968542689E-05      13  11   8    48
  2.902868489029E-05 -2.902875951561E-05      16  10   0    12
 -2.218157262467E-04  2.218157945214E-04      16   8   6    24
 -1.480122234183E-04  1.480125403692E-04      14  12   4    48
  8.404490294185E-05 -8.404490622206E-05      14   9   9    24
 -6.872484401109E-06  6.872536153628E-06      16  10   2    24
  5.554241171699E-05 -5.554256792968E-05      14  10   8    48
 -7.240008899582E-05  7.239982466392E-05      15  11   4    48
  6.026607394016E-05 -6.026608429600E-05      13  12   7    48
 -8.730331769822E-05  8.730333216508E-05      14  13   1    48
 -1.054598224559E-05  1.054605858914E-05      14  11   7    48
  6.897990448377E-05 -6.897999201982E-05      15  12   1    48
  1.634346902966E-04 -1.634349885200E-04      15   9   8    48
  2.546053683001E-06 -2.545845117712E-06      16  10   4    24
  3.224557228911E-05 -3.224578606586E-05      15  10   7    48
 -9.503438863429E-05  9.503437693528E-05      14  13   3    48
  1.149313275761E-04 -1.149315114146E-04      13  13   6    24
  1.145993517294E-04 -1.145994869681E-04      14  12   6    48
 -9.526942200796E-05  9.526948888532E-05      15  12   3    48
 -5.358097874129E-05  5.358082588807E-05      15  11   6    48
  1.317290944227E-04 -1.317292338002E-04      16   8   8    12
  8.328126882391E-05 -8.328137463598E-05      14  13   5    48
  1.880012096729E-05 -1.880003226234E-05      13  11  10    48
 -6.428883151313E-05  6.428865348150E-05      16  10   6    24
 -2.356043508060E-05  2.356034371547E-05      14  14   0    12
 -2.550549192736E-05  2.550539729474E-05      15  12   5    48
  7.175680148376E-05 -7.175685931724E-05      13  12   9    48
 -8.037445536869E-05  8.037437572379E-05      15  13   2    48
  9.830286606052E-05 -9.830280810642E-05      14  11   9    48
  4.640172756120E-05 -4.640142541134E-05      16  12   0    12
 -2.335296509247E-05  2.335309240043E-05      16  12   2    24
  1.409322453368E-04 -1.409320931457E-04      14  12   8    48
  4.931773979840E-05 -4.931764732073E-05      15  10   9    48
  1.060037261752E-05 -1.060033812638E-05      14  14   4    24
  3.529029694450E-05 -3.529055885489E-05      15  13   4    48
  1.292504149277E-04 -1.292506272488E-04      15  11   8    48
  6.441231418007E-05 -6.441220098869E-05      14  13   7    48
 -3.647909330354E-05  3.647876617871E-05      16  12   4    24
  6.112145394170E-05 -6.112144443198E-05      15  12   7    48
  4.209463695393E-05 -4.209457522448E-05      16  10   8    24
 -1.217847983868E-05  1.217846585542E-05      15  14   1    48
  2.366649436101E-06 -2.366786069755E-06      15  14   3    48
  3.943853504963E-05 -3.943857846375E-05      15  13   6    48
 -9.517188719964E-05  9.517155556355E-05      12  12  12     8
 -1.908391307085E-04  1.908383431008E-04      13  12  11    48
  3.808242333208E-05 -3.808221671062E-05      16  12   6    24
 -4.378403193369E-05  4.378383717796E-05      14  11  11    24
 -1.090346770531E-04  1.090342513855E-04      13  13  10    24
 -1.134088625300E-04  1.134083091036E-04      14  12  10    48
  2.375558747078E-05 -2.375538650108E-05      15  14   5    48
 -2.410740451335E-05  2.410706922197E-05      15  11  10    48
 -3.821883262918E-05  3.821843795532E-05      14  13   9    48
  8.598298527701E-06 -8.598661544199E-06      15  12   9    48
 -1.517452980094E-05  1.517473553132E-05      16  14   0    12
 -1.667465089320E-05  1.667461314335E-05      15  15   2    24
  5.337045892490E-06 -5.337215932810E-06      16  14   2    24
  5.748742137480E-06 -5.749147914893E-06      16  10  10    12
  2.290533721283E-05 -2.290568997688E-05      14  14   8    24
 -2.194029807610E-05  2.193995027814E-05      15  13   8    48
  3.314061221599E-06 -3.314230151967E-06      16  12   8    24
  2.284244332868E-05 -2.284249216686E-05      16  14   4    24
 -7.952367708976E-06  7.952145414171E-06      15  14   7    48
  3.139393102757E-05 -3.139406344548E-05      15  15   6    24
  6.693131095380E-06 -6.693334102643E-06      14  13  11    48
 -1.092449515759E-05  1.092469060888E-05      16  14   6    24
  2.944558768791E-05 -2.944511775726E-05      15  12  11    48
 -5.191295019492E-06  5.190911953072E-06      15  13  10    48
 -8.805842784006E-06  8.805720095939E-06      16  12  10    24
 -1.111100296227E-05  1.111119706504E-05      15  14   9    48
 -1.767236006668E-05  1.767250934173E-05      16  16   0     3
 -1.052625391977E-05  1.052632285766E-05      16  14   8    24
  3.456837956265E-05 -3.456844474966E-05      16  16   4     6
 -1.416569302864E-05  1.416507985559E-05      14  13  13    24
 -2.377316244729E-06  2.377376172632E-06      14  14  12    24
 -3.678564937558E-05  3.678474908422E-05      15  13  12    48
  2.350842189986E-05 -2.350903502901E-05      15  14  11    48
 -7.966885942006E-06  7.966652675843E-06      16  12  12    12
 -4.111833985149E-05  4.111793247626E-05      15  15  10    24
 -1.241612955808E-05  1.241579283750E-05      16  14  10    24
 -5.033361189377E-05  5.033345434810E-05      16  16   8     6
 -1.692493851892E-05  1.692519004005E-05      15  14  13    48
 -1.527681158378E-05  1.527670094379E-05      16  14  12    24
  1.640074151448E-05 -1.640101567660E-05      15  15  14    24
  3.305766998972E-05 -3.305681105094E-05      16  14  14    12
  1.763174884394E-05 -1.763146873322E-05      16  16  12     6
  8.548335473938E-06 -8.547789129989E-06      16  16  16     1
