   0.0200000   1.0000000  -0.0100000   0.5000500
   0.2200000   0.9780791  -0.2084633   0.5000478
   0.4200000   0.9171640  -0.3986156   0.5000421
   0.6200000   0.8196832  -0.5728758   0.5000336
   0.8200000   0.6895231  -0.7242965   0.5000238
   1.0200000   0.5318731  -0.8468408   0.5000141
   1.2200000   0.3530182  -0.9356231   0.5000062
   1.4200000   0.1600891  -0.9871039   0.5000013
   1.6200000  -0.0392224  -0.9992306   0.5000001
   1.8200000  -0.2369702  -0.9715198   0.5000028
   2.0200000  -0.4252704  -0.9050763   0.5000090
   2.2200000  -0.5966159  -0.8025491   0.5000178
   2.4199999  -0.7441754  -0.6680257   0.5000277
   2.6199999  -0.8620660  -0.5068694   0.5000372
   2.8199999  -0.9455876  -0.3255051   0.5000447
   3.0199999  -0.9914103  -0.1311635   0.5000491
   3.2199999  -0.9977074   0.0684073   0.5000498
   3.4199999  -0.9642276   0.2652509   0.5000465
   3.6199999  -0.8923059   0.4515194   0.5000398
   3.8199999  -0.7848096   0.6197866   0.5000308
   4.0199999  -0.6460244   0.7633441   0.5000209
   4.2199999  -0.4814834   0.8764685   0.5000116
   4.4199999  -0.2977465   0.9546496   0.5000044
   4.6199999  -0.1021389   0.9947707   0.5000005
   4.8199999   0.0975406   0.9952320   0.5000005
   5.0199999   0.2933315   0.9560153   0.5000043
   5.2199999   0.4774277   0.8786840   0.5000114
   5.4199999   0.6424898   0.7663212   0.5000206
   5.6199999   0.7819370   0.6234065   0.5000306
   5.8199999   0.8902098   0.4556378   0.5000396
   6.0199999   0.9629915   0.2697037   0.5000464
   6.2199999   0.9973806   0.0730169   0.5000497
   6.4199999   0.9920059  -0.1265809   0.5000492
   6.6199999   0.9470817  -0.3211322   0.5000448
   6.8199998   0.8643992  -0.5028805   0.5000374
   7.0199998   0.7472546  -0.6645798   0.5000279
   7.2199998   0.6003184  -0.7997836   0.5000180
   7.4199998   0.4294486  -0.9031015   0.5000092
   7.6199998   0.2414574  -0.9704144   0.5000029
   7.8199998   0.0438398  -0.9990387   0.5000001
   8.0199998  -0.1555257  -0.9878331   0.5000012
   8.2199998  -0.3486906  -0.9372444   0.5000061
   8.4199998  -0.5279538  -0.8492895   0.5000139
   8.6199998  -0.6861685  -0.7274750   0.5000235
   8.8199998  -0.8170270  -0.5766574   0.5000334
   9.0199998  -0.9153120  -0.4028495   0.5000419
   9.2199998  -0.9771053  -0.2129807   0.5000477
   9.4199998  -0.9999431  -0.0146208   0.5000500
   9.6199998  -0.9829151   0.1843220   0.5000483
   9.8199998  -0.9267000   0.3759162   0.5000429
