 format  1  0
dim                 
                   3
crystal_system      
             'cubic'
N_cell_param        
                   1
cell_param          
    3.0406024521E+00
group_name          
          'I m -3 m'
N_monomer           
                   2
N_star              
                 670
  1.875000000000E+01  6.250000000000E+00       0   0   0     1
 -8.660875465653E+00  5.731939570012E+00       1   1   0    12
 -1.408761385919E+00  1.791244127573E+00       2   0   0     6
  1.436441503839E+00  1.365367106918E+00       2   1   1    24
  1.654437764741E+00  1.683581417158E-01       2   2   0    12
  1.838622946970E+00 -1.720908834803E-01       3   1   0    24
  7.223867437858E-01 -3.874305954623E-01       2   2   2     8
  6.133320680447E-01 -1.139278400503E+00       3   2   1    48
 -7.878507595085E-02 -3.369636316047E-01       4   0   0     6
 -4.919029227546E-01 -6.512583215657E-01       4   1   1    24
 -3.700547227420E-01 -5.159172232127E-01       3   3   0    12
 -6.757434763151E-01 -5.475250400928E-01       4   2   0    24
 -8.033662168891E-01 -4.385596927040E-01       3   3   2    24
 -6.913579713664E-01 -2.452812327056E-01       4   2   2    24
 -4.514085331355E-01 -5.734283423046E-02       5   1   0    24
 -7.981168512739E-01 -1.438217999443E-01       4   3   1    48
 -3.050361575427E-01  1.656820367618E-01       5   2   1    48
 -7.718886936098E-02  1.269400590318E-01       4   4   0    12
  2.386243728573E-02  2.146126367641E-01       5   3   0    24
  2.246002151233E-02  2.413588675192E-01       4   3   3    24
  6.440107859383E-02  1.021156244126E-01       6   0   0     6
  1.227148099083E-01  2.539648785827E-01       4   4   2    24
  1.807522617602E-01  2.057356602992E-01       6   1   1    24
  2.718609531419E-01  3.450989393041E-01       5   3   2    48
  2.161632016372E-01  1.964216114369E-01       6   2   0    24
  3.627619381642E-01  2.899795851187E-01       5   4   1    48
  2.414702700505E-01  1.567406206215E-01       6   2   2    24
  3.247570949318E-01  1.794379464116E-01       6   3   1    48
  1.411833058913E-01  6.793378020707E-02       4   4   4     8
  1.418076461610E-01  4.034156666858E-02       7   1   0    24
  1.339353246559E-01  5.036342630216E-02       5   5   0    12
  2.888575385074E-01  1.096633063447E-01       5   4   3    48
  1.445543433224E-01  3.439927156053E-02       6   4   0    24
  1.184030473771E-01 -6.801891395659E-03       7   2   1    48
  1.138165060425E-01  8.147592626740E-03       6   3   3    24
  1.200375296321E-01  1.104505373796E-02       5   5   2    24
  1.061102709265E-01 -2.404716148705E-02       6   4   2    48
  2.327160422177E-02 -4.140435893542E-02       7   3   0    24
 -3.978112612391E-02 -9.368208530971E-02       7   3   2    48
 -3.185697477735E-02 -9.439132339910E-02       6   5   1    48
 -2.829669565415E-02 -3.454623491560E-02       8   0   0     6
 -6.821648250454E-02 -7.094084239548E-02       8   1   1    24
 -9.286469901678E-02 -1.092297274534E-01       7   4   1    48
 -6.789924239176E-02 -8.668119528071E-02       5   5   4    24
 -7.676996538777E-02 -7.071474681517E-02       8   2   0    24
 -8.267482455544E-02 -8.684736008577E-02       6   4   4    24
 -1.300912082596E-01 -1.196313293657E-01       6   5   3    48
 -8.510227952739E-02 -6.523475652230E-02       8   2   2    24
 -6.533797643002E-02 -5.347438715752E-02       6   6   0    12
 -1.198833409395E-01 -8.478927907946E-02       8   3   1    48
 -9.151101944254E-02 -6.774233129146E-02       7   5   0    24
 -1.343558401398E-01 -1.001935617971E-01       7   4   3    48
 -9.423567291632E-02 -6.532010707982E-02       6   6   2    24
 -1.228700373144E-01 -7.763443444028E-02       7   5   2    48
 -7.057490162267E-02 -3.882943413654E-02       8   4   0    24
 -4.960744321369E-02 -2.093224131771E-02       9   1   0    24
 -6.422518959952E-02 -3.192809084949E-02       8   3   3    24
 -7.762331663285E-02 -3.339364103028E-02       8   4   2    48
 -4.713358217673E-02 -1.115077121764E-02       9   2   1    48
 -7.049174942445E-02 -2.653937506825E-02       7   6   1    48
 -5.854019626880E-02 -2.372499281828E-02       6   5   5    24
 -4.563284671424E-02 -1.386778352392E-02       6   6   4    24
 -1.647599052882E-02  3.940203529210E-03       9   3   0    24
 -3.540426757479E-02 -1.252267928306E-03       8   5   1    48
 -4.592081458085E-02 -6.485354489687E-03       7   5   4    48
 -1.488096536645E-03  1.923202213305E-02       9   3   2    48
 -1.485132602602E-02  1.365865293011E-02       7   6   3    48
  7.106477534446E-04  1.588401774091E-02       8   4   4    24
  1.749411984124E-02  2.946544255241E-02       9   4   1    48
  1.220357469540E-02  2.846740255670E-02       8   5   3    48
  5.870833795735E-03  1.393222262698E-02       7   7   0    12
  1.073997478693E-02  1.185760317290E-02      10   0   0     6
  1.572836450876E-02  2.315512366787E-02       8   6   0    24
  2.471377683671E-02  2.474450185597E-02      10   1   1    24
  2.081523879421E-02  2.597867952796E-02       7   7   2    24
  2.724886518652E-02  2.527470417139E-02      10   2   0    24
  3.651965765704E-02  3.897215428931E-02       8   6   2    48
  2.914818998620E-02  2.713128158484E-02       9   5   0    24
  4.162213554694E-02  3.900229202511E-02       9   4   3    48
  3.028726424445E-02  2.500239996053E-02      10   2   2    24
  1.970091839229E-02  1.831856759108E-02       6   6   6     8
  4.355274978972E-02  3.423877859482E-02      10   3   1    48
  4.623674260606E-02  3.822203810401E-02       9   5   2    48
  5.080640833873E-02  4.401291335392E-02       7   6   5    48
  4.787353749582E-02  3.643892999969E-02       8   7   1    48
  3.614314094741E-02  2.790535587972E-02       8   5   5    24
  3.647194432746E-02  2.827269748418E-02       7   7   4    24
  2.891747731507E-02  1.991918381919E-02      10   4   0    24
  4.974387311731E-02  3.661574020084E-02       8   6   4    48
  2.764144571975E-02  1.825278599924E-02      10   3   3    24
  4.294090086558E-02  2.940038145654E-02       9   6   1    48
  3.626260037194E-02  2.280568614799E-02      10   4   2    48
  1.858378255574E-02  1.000693171860E-02      11   1   0    24
  3.898316387102E-02  2.446637965886E-02       9   5   4    48
  4.066587341682E-02  2.588082870786E-02       8   7   3    48
  1.948491486499E-02  8.539124299602E-03      11   2   1    48
  2.563906934655E-02  1.317208674763E-02      10   5   1    48
  3.070834511933E-02  1.694276506660E-02       9   6   3    48
  1.298471415614E-02  6.548862055303E-03       8   8   0    12
  8.772823251317E-03  2.227721425183E-03      11   3   0    24
  1.462082045472E-02  6.320302890859E-03       9   7   0    24
  1.028302298158E-02  3.072317466241E-03      10   4   4    24
  1.267560269302E-02  4.703438363838E-03       8   8   2    24
  5.633719569005E-03 -1.668704053624E-03      11   3   2    48
  1.045301214947E-02  1.383252564338E-03      10   5   3    48
  1.273876637101E-02  2.875051333070E-03       9   7   2    48
  1.222668004648E-02  3.953622301401E-03       7   7   6    24
  4.278886010044E-03 -1.137643869360E-03      10   6   0    24
  8.456578712442E-03  1.269585403401E-03       8   6   6    24
 -6.954262382785E-04 -5.853388180291E-03      11   4   1    48
  7.191644480621E-03 -1.485396148836E-03       8   7   5    48
 -6.182764194899E-04 -6.082710125475E-03      10   6   2    48
 -1.589222626833E-03 -7.129646345696E-03       9   6   5    48
 -3.788198713195E-03 -4.016578399226E-03      12   0   0     6
 -3.363757778417E-03 -6.424066803563E-03       8   8   4    24
 -8.599385836480E-03 -8.503919435909E-03      12   1   1    24
 -7.391963903477E-03 -8.168331326164E-03      11   5   0    24
 -1.039446144575E-02 -1.157246546102E-02      11   4   3    48
 -8.503464651793E-03 -1.090567155490E-02       9   8   1    48
 -8.024120360714E-03 -1.092329333408E-02       9   7   4    48
 -9.446545068125E-03 -8.841884240834E-03      12   2   0    24
 -1.363846113751E-02 -1.306689772958E-02      11   5   2    48
 -1.304746343218E-02 -1.308485630438E-02      10   7   1    48
 -9.237917129766E-03 -9.444348588608E-03      10   5   5    24
 -1.062195956095E-02 -9.145624959224E-03      12   2   2    24
 -1.464741758043E-02 -1.400560262358E-02      10   6   4    48
 -1.549039342036E-02 -1.289050248535E-02      12   3   1    48
 -1.584381909384E-02 -1.454775229021E-02       9   8   3    48
 -1.655063364426E-02 -1.347098632700E-02      11   6   1    48
 -1.724752589445E-02 -1.443004086798E-02      10   7   3    48
 -1.102282349939E-02 -8.414162127065E-03      12   4   0    24
 -1.082298937348E-02 -8.055878644989E-03      12   3   3    24
 -1.681238914669E-02 -1.297869963369E-02      11   5   4    48
 -8.627337734233E-03 -6.771805902481E-03       9   9   0    12
 -1.364809294282E-02 -1.100483159865E-02       8   7   7    24
 -1.477267019487E-02 -1.070778432084E-02      12   4   2    48
 -1.184035966523E-02 -8.990842196113E-03      10   8   0    24
 -1.345109905932E-02 -1.050688547841E-02       8   8   6    24
 -1.581163174044E-02 -1.154909990214E-02      11   6   3    48
 -1.185539335889E-02 -8.825010152777E-03       9   9   2    24
 -1.837906075986E-02 -1.391652421847E-02       9   7   6    48
 -1.579129819672E-02 -1.138091303330E-02      10   8   2    48
 -7.087156807032E-03 -4.411894332397E-03      13   1   0    24
 -1.235544858661E-02 -8.214154575856E-03      12   5   1    48
 -9.785174711252E-03 -6.723863269245E-03      11   7   0    24
 -1.659733513285E-02 -1.185332270321E-02       9   8   5    48
 -1.067076644575E-02 -7.350908361832E-03      10   6   6    24
 -7.971371530989E-03 -4.501416989661E-03      13   2   1    48
 -1.193431535067E-02 -7.696139939166E-03      11   7   2    48
 -1.383518924564E-02 -9.218319416910E-03      10   7   5    48
 -6.614332773162E-03 -3.916916202815E-03      12   4   4    24
 -4.110263737154E-03 -1.960085627294E-03      13   3   0    24
 -8.148827736124E-03 -4.545346647166E-03      12   5   3    48
 -7.992956296899E-03 -4.933495252345E-03       9   9   4    24
 -4.785759289640E-03 -2.441430459888E-03      12   6   0    24
 -9.626439459677E-03 -5.592705496600E-03      10   8   4    48
 -3.683728458802E-03 -1.142569864449E-03      13   3   2    48
 -7.538727446778E-03 -3.941002819790E-03      11   6   5    48
 -7.398850830891E-03 -3.870979459919E-03      10   9   1    48
 -4.498131753464E-03 -1.687116274948E-03      12   6   2    48
 -1.615732390505E-03  3.697937444229E-04      13   4   1    48
 -4.281381069199E-03 -1.485034282476E-03      11   8   1    48
 -4.785054771952E-03 -1.817373623305E-03      11   7   4    48
 -2.578798585985E-03 -1.741000087966E-04      10   9   3    48
 -1.069673995614E-03 -2.388181386497E-05       8   8   8     8
  1.362525028587E-03  1.974049372357E-03      13   5   0    24
  1.889959365958E-03  2.774614032701E-03      13   4   3    48
  8.838976356971E-04  2.161013505846E-03      12   7   1    48
  4.791548839778E-04  1.452012491638E-03      12   5   5    24
  9.665073189060E-05  1.694068149258E-03      11   8   3    48
 -1.190947805822E-03  9.458839305209E-04       9   8   7    48
  1.276021054355E-03  1.336220779301E-03      14   0   0     6
  1.609267494584E-03  2.670825580763E-03      12   6   4    48
  2.897825585986E-03  2.866398062977E-03      14   1   1    24
  3.292593941014E-03  3.651487712273E-03      13   5   2    48
  9.547572765182E-04  1.878418615991E-03      10   7   7    24
  8.948158298081E-04  1.842760541041E-03       9   9   6    24
  3.196644948161E-03  3.023336833081E-03      14   2   0    24
  1.440904791672E-03  1.750844632855E-03      10  10   0    12
  2.368295004384E-03  3.312105747773E-03      10   8   6    48
  3.877426263653E-03  4.077160900264E-03      12   7   3    48
  2.611643786645E-03  2.817718601207E-03      11   9   0    24
  3.652842136695E-03  3.229597429602E-03      14   2   2    24
  2.987637952384E-03  3.057500492530E-03      10  10   2    24
  5.390225502072E-03  4.638874611460E-03      14   3   1    48
  5.177923306808E-03  4.664202577967E-03      13   6   1    48
  4.828466950839E-03  4.640293126060E-03      11   9   2    48
  4.793540289574E-03  4.726349069015E-03      11   7   6    48
  4.708785650530E-03  4.696923287083E-03      10   9   5    48
  3.756528756543E-03  3.392488996861E-03      12   8   0    24
  5.701208153992E-03  4.872920570916E-03      13   5   4    48
  5.719223852843E-03  5.165953547318E-03      11   8   5    48
  4.023971207221E-03  3.242445332795E-03      14   4   0    24
  5.851496159487E-03  4.999250318243E-03      12   8   2    48
  4.022834272647E-03  3.182246804953E-03      14   3   3    24
  5.914897580437E-03  4.827932442482E-03      13   6   3    48
  5.620959054442E-03  4.365190351542E-03      14   4   2    48
  4.416946995236E-03  3.632531601538E-03      12   6   6    24
  4.502936517404E-03  3.744610678256E-03      10  10   4    24
  4.113166221499E-03  3.219906580827E-03      13   7   0    24
  6.258041483413E-03  5.036271518901E-03      12   7   5    48
  6.386849712015E-03  5.179839024399E-03      11   9   4    48
  5.142320672536E-03  3.782228190808E-03      14   5   1    48
  5.588533216529E-03  4.221606805196E-03      13   7   2    48
  6.003145790240E-03  4.636920727114E-03      11  10   1    48
  5.883966615978E-03  4.461896923821E-03      12   8   4    48
  2.570398929394E-03  1.731120452947E-03      15   1   0    24
  5.430150153181E-03  4.013276396048E-03      12   9   1    48
  4.648576449800E-03  3.550809249469E-03       9   9   8    24
  3.110880366461E-03  2.158315506149E-03      14   4   4    24
  4.432427632438E-03  3.314399663884E-03      10   8   8    24
  3.017392877820E-03  1.914152704824E-03      15   2   1    48
  4.075664825150E-03  2.760974442931E-03      14   5   3    48
  4.709381890636E-03  3.303302654980E-03      13   6   5    48
  5.211251658441E-03  3.739941976367E-03      11  10   3    48
  5.914809929050E-03  4.331077840773E-03      10   9   7    48
  2.611431099275E-03  1.718280651642E-03      14   6   0    24
  1.671189770150E-03  9.705122473131E-04      15   3   0    24
  3.818187850956E-03  2.525159924017E-03      13   8   1    48
  3.981062893048E-03  2.652858149576E-03      13   7   4    48
  4.307853234475E-03  2.929251139071E-03      12   9   3    48
  5.057443136013E-03  3.529520157324E-03      11   8   7    48
  3.013944329091E-03  1.854246862431E-03      14   6   2    48
  3.285727581182E-03  2.237411885301E-03      10  10   6    24
  1.705223182201E-03  8.462416160863E-04      15   3   2    48
  4.151808911816E-03  2.738498243100E-03      11   9   6    48
  1.052332412877E-03  3.415736559864E-04      15   4   1    48
  2.372964196419E-03  1.318981694583E-03      13   8   3    48
  2.156032202514E-03  1.295056565598E-03      12   7   7    24
  1.332863520656E-03  7.738368086998E-04      11  11   0    12
  1.516174309145E-03  8.047738417358E-04      12  10   0    24
  2.591294321023E-03  1.463471609272E-03      12   8   6    48
  1.178859497454E-03  4.024705838184E-04      14   7   1    48
  8.925974463451E-04  3.254776085372E-04      14   5   5    24
  1.352832404172E-03  6.685103994830E-04      11  11   2    24
  2.262314730443E-03  1.195978413003E-03      11  10   5    48
  9.026515165451E-04  1.891974651760E-04      14   6   4    48
  1.409230969191E-03  5.619545475120E-04      12  10   2    48
 -9.412633932537E-05 -3.764831864960E-04      15   5   0    24
 -1.200000348079E-04 -5.243325580163E-04      15   4   3    48
  5.283046384361E-04  5.000955513601E-05      13   9   0    24
  1.266301369912E-03  4.351854090663E-04      12   9   5    48
 -6.299526867849E-04 -8.803706116896E-04      15   5   2    48
 -8.233567735176E-05 -5.289439227301E-04      14   7   3    48
  1.007181797289E-04 -4.062247175885E-04      13   9   2    48
  2.620147377038E-04 -3.048790909836E-04      13   7   6    48
 -4.487353103997E-04 -4.712199130254E-04      16   0   0     6
 -1.025681034035E-03 -1.022075409677E-03      16   1   1    24
 -4.043384542030E-04 -7.777227203570E-04      13   8   5    48
 -1.351545495573E-04 -4.492051928900E-04      11  11   4    24
 -1.139823323353E-03 -1.090320673612E-03      16   2   0    24
 -6.418908338314E-04 -7.729109482188E-04      14   8   0    24
 -5.630248428288E-04 -8.899104567700E-04      12  10   4    48
 -1.418778314366E-03 -1.393118027965E-03      15   6   1    48
 -3.903522671432E-04 -6.547516104356E-04      10   9   9    24
 -1.325727195121E-03 -1.193358884696E-03      16   2   2    24
 -1.317393279066E-03 -1.359768786993E-03      14   8   2    48
 -6.265355019523E-04 -8.144797312541E-04      10  10   8    24
 -1.976361400687E-03 -1.737014119026E-03      16   3   1    48
 -1.685858523507E-03 -1.550384170840E-03      15   5   4    48
 -1.434477656103E-03 -1.459876667765E-03      13   9   4    48
 -1.376836367062E-03 -1.411388950036E-03      12  11   1    48
 -1.172953392890E-03 -1.337532928480E-03      11   9   8    48
 -1.159616674277E-03 -1.107435282903E-03      14   6   6    24
 -1.881620924662E-03 -1.645103752582E-03      15   6   3    48
 -1.780619735193E-03 -1.643420906992E-03      14   7   5    48
 -1.798519616807E-03 -1.660920462236E-03      13  10   1    48
 -1.655949515181E-03 -1.637806020543E-03      11  10   7    48
 -1.531361424412E-03 -1.271279726691E-03      16   4   0    24
 -1.303562642182E-03 -1.228162093719E-03      12   8   8    24
 -1.552126206756E-03 -1.268556515168E-03      16   3   3    24
 -1.406157175625E-03 -1.180387733229E-03      15   7   0    24
 -1.973732861965E-03 -1.759150603397E-03      12  11   3    48
 -1.993349898611E-03 -1.815265772880E-03      12   9   7    48
 -2.204193360744E-03 -1.774371966433E-03      16   4   2    48
 -2.058257511376E-03 -1.763443670000E-03      14   8   4    48
 -2.032159083440E-03 -1.652332827956E-03      15   7   2    48
 -2.081895503277E-03 -1.740816184354E-03      14   9   1    48
 -2.172953548059E-03 -1.834867701119E-03      13  10   3    48
 -1.554957857287E-03 -1.348661914661E-03      11  11   6    24
 -2.258532399839E-03 -1.911385283507E-03      12  10   6    48
 -2.137975386132E-03 -1.649486908943E-03      16   5   1    48
 -2.306233307966E-03 -1.901699917893E-03      13   8   7    48
 -1.950379806531E-03 -1.499419624870E-03      15   6   5    48
 -2.095922104262E-03 -1.649157911437E-03      14   9   3    48
 -2.287759103923E-03 -1.824369262481E-03      13   9   6    48
 -1.389451043087E-03 -1.028729705093E-03      16   4   4    24
 -1.039946066399E-03 -8.097156330668E-04      12  12   0    12
 -6.513663229308E-04 -4.607824716929E-04      17   1   0    24
 -1.880558495860E-03 -1.371464519400E-03      16   5   3    48
 -1.770053716290E-03 -1.315551092499E-03      15   8   1    48
 -1.809554308563E-03 -1.349539845028E-03      15   7   4    48
 -1.447691570734E-03 -1.106643861416E-03      13  11   0    24
 -2.185732866119E-03 -1.698766627781E-03      12  11   5    48
 -1.256779145771E-03 -9.012459248006E-04      16   6   0    24
 -1.399151069646E-03 -1.058860921797E-03      12  12   2    24
 -7.773004038211E-04 -5.247097995460E-04      17   2   1    48
 -1.371438610951E-03 -1.023597370367E-03      14   7   7    24
 -1.916004958977E-03 -1.422987031431E-03      13  11   2    48
 -2.032890603860E-03 -1.522552028576E-03      13  10   5    48
 -1.578518811582E-03 -1.093097747433E-03      16   6   2    48
 -1.211441387486E-03 -8.793993954901E-04      14  10   0    24
 -1.839465426740E-03 -1.350319248570E-03      14   8   6    48
 -4.421891516122E-04 -2.796126193612E-04      17   3   0    24
 -1.411687902604E-03 -9.788893722502E-04      15   8   3    48
 -1.524525355134E-03 -1.068428726994E-03      14  10   2    48
 -8.251565159464E-04 -6.028585943207E-04      10  10  10     8
 -4.717652925683E-04 -2.685746511196E-04      17   3   2    48
 -1.493610598903E-03 -1.034488871132E-03      14   9   5    48
 -1.871711136811E-03 -1.341779774201E-03      11  10   9    48
 -1.005912855658E-03 -6.852902485354E-04      12  12   4    24
 -3.180677805303E-04 -1.452703568532E-04      17   4   1    48
 -9.797283290088E-04 -5.867336768883E-04      16   7   1    48
 -7.108989610315E-04 -4.285232036427E-04      16   5   5    24
 -6.445365557121E-04 -3.925542101135E-04      15   9   0    24
 -1.303528297914E-03 -8.622299329540E-04      13  11   4    48
 -1.089797674702E-03 -7.445662580614E-04      12   9   9    24
 -1.111549069979E-03 -7.625537623219E-04      11  11   8    24
 -8.784646947200E-04 -5.034531377574E-04      16   6   4    48
 -1.393209307413E-03 -9.262061373000E-04      12  10   8    48
 -6.828404322888E-04 -3.691002580297E-04      15   9   2    48
 -7.503433145494E-04 -4.195005745406E-04      15   7   6    48
 -8.419803862662E-04 -4.874077228107E-04      14  10   4    48
 -2.327488840001E-05  5.282733634464E-05      17   5   0    24
 -3.636230614933E-05  7.234339163940E-05      17   4   3    48
 -5.042905959016E-04 -2.091674258733E-04      16   7   3    48
 -4.944345077493E-04 -2.173936017097E-04      15   8   5    48
 -6.673834854885E-04 -3.469587739728E-04      13  12   1    48
 -9.091404575292E-04 -5.255382768792E-04      13   9   8    48
 -9.272160959176E-04 -5.428468642414E-04      12  11   7    48
  9.058055274310E-05  1.661396078333E-04      17   5   2    48
 -4.097960760655E-04 -1.510718767482E-04      14  11   1    48
 -6.153806467845E-04 -2.926914876788E-04      13  10   7    48
 -1.036341536281E-04  4.268067553269E-05      16   8   0    24
 -2.901045822909E-05  1.357413738676E-04      15   9   4    48
 -2.088070810049E-04  9.332888774964E-06      13  12   3    48
  2.093606690241E-04  2.185173657127E-04      18   0   0     3
  5.231476227910E-05  2.060738784674E-04      16   8   2    48
 -1.322199694464E-04  1.946620059693E-05      14   8   8    24
 -1.371223095628E-04  1.813496045805E-05      12  12   6    24
  4.706778315378E-04  4.697934142013E-04      18   1   1    12
  2.967827983477E-04  3.107366648456E-04      17   6   1    48
  1.901427927164E-04  2.921199435873E-04      15  10   1    48
  2.114723286701E-06  1.598638771780E-04      14  11   3    48
 -6.805478108935E-05  1.156941752051E-04      14   9   7    48
 -8.007190278326E-05  1.121974580323E-04      13  11   6    48
  5.172376197499E-04  4.980912413696E-04      18   2   0    12
  1.538682657328E-04  2.302669163353E-04      16   6   6    24
  3.718393780094E-04  3.599344494115E-04      17   5   4    48
  3.042171247034E-04  3.852570286036E-04      16   7   5    48
  5.943071240941E-04  5.417565272864E-04      18   2   2    12
  2.396209010758E-04  3.357318612252E-04      14  10   6    48
  8.835827679467E-04  7.878666592633E-04      18   3   1    24
  4.330454887824E-04  3.965194774311E-04      17   6   3    48
  4.861991766045E-04  4.959520100786E-04      15  10   3    48
  5.235467577449E-04  5.295534768236E-04      16   8   4    48
  3.358527126495E-04  2.948766075541E-04      17   7   0    24
  5.887894441907E-04  5.677210890475E-04      16   9   1    48
  5.878268453025E-04  5.653279763849E-04      15   8   7    48
  2.717107215307E-04  2.688194217580E-04      13  13   0    12
  5.095738183135E-04  5.221341406861E-04      13  12   5    48
  6.852599254505E-04  5.791520897390E-04      18   4   0    12
  3.990734374957E-04  3.817660481466E-04      14  12   0    24
  6.957942501856E-04  5.794332514893E-04      18   3   3    12
  5.009409666858E-04  4.260852812474E-04      17   7   2    48
  6.881544829117E-04  6.237325671923E-04      15   9   6    48
  5.904845084374E-04  5.627211838773E-04      14  11   5    48
  4.576533277351E-04  4.252986982985E-04      13  13   2    24
  4.034752183701E-04  4.050930672429E-04      11  11  10    24
  9.918962672352E-04  8.141764651193E-04      18   4   2    24
  6.493089600278E-04  5.893369332757E-04      14  12   2    48
  4.612242883550E-04  4.409699733535E-04      12  10  10    24
  7.479296100620E-04  6.551556606547E-04      16   9   3    48
  5.230060000664E-04  4.490953779823E-04      15  11   0    24
  7.028798567125E-04  6.504907082462E-04      12  11   9    48
  9.781994391899E-04  7.712647010936E-04      18   5   1    24
  5.115625390557E-04  4.130214270252E-04      17   6   5    48
  7.720318094745E-04  6.432673381359E-04      15  11   2    48
  7.904079344839E-04  6.635682766619E-04      15  10   5    48
  7.952254232598E-04  6.995839002135E-04      13  10   9    48
  5.750379366219E-04  4.948004145273E-04      12  12   8    24
  4.854057558369E-04  3.810944008500E-04      17   8   1    48
  4.923910367606E-04  3.875869883140E-04      17   7   4    48
  5.803141303932E-04  4.793839319737E-04      16   7   7    24
  5.738474824776E-04  4.772840090621E-04      13  13   4    24
  8.311833895785E-04  7.044018674008E-04      13  11   8    48
  6.496272020816E-04  4.928397766303E-04      18   4   4    12
  5.663092433210E-04  4.578754662190E-04      16  10   0    24
  8.225009892772E-04  6.696424239038E-04      16   8   6    48
  7.653560351810E-04  6.278689053809E-04      14  12   4    48
  8.888230234637E-04  6.651362993907E-04      18   5   3    24
  5.717826983573E-04  4.693478090725E-04      14   9   9    24
  6.022157627490E-04  4.440204242225E-04      18   6   0    12
  7.898228707445E-04  6.227204497873E-04      16  10   2    48
  8.016707835889E-04  6.488851220051E-04      14  10   8    48
  4.219104683960E-04  3.145391243433E-04      17   8   3    48
  7.954377899431E-04  6.217627473410E-04      16   9   5    48
  7.472809872993E-04  5.763816754653E-04      15  11   4    48
  8.315883826571E-04  6.613886198955E-04      13  12   7    48
  7.762476304506E-04  5.551865788034E-04      18   6   2    24
  6.902593213778E-04  5.257788351125E-04      14  13   1    48
  7.478589548161E-04  5.802103658485E-04      14  11   7    48
  2.251774395556E-04  1.558271783866E-04      17   9   0    24
  6.126689299404E-04  4.419364082896E-04      15  12   1    48
  6.878864995212E-04  5.064848164218E-04      15   9   8    48
  6.633560341433E-04  4.835718085208E-04      16  10   4    48
  5.379092069020E-04  3.443937256158E-04      18   7   1    24
  3.873169178991E-04  2.488683081478E-04      18   5   5    12
  2.661704494047E-04  1.751617616189E-04      17   9   2    48
  2.814478546248E-04  1.875036228439E-04      17   7   6    48
  6.103354725422E-04  4.347103728531E-04      15  10   7    48
  5.857108356102E-04  4.215712665587E-04      14  13   3    48
  4.747754471977E-04  3.459358080395E-04      13  13   6    24
  4.955845657092E-04  3.080632352524E-04      18   6   4    24
  5.850587942518E-04  4.183425213557E-04      14  12   6    48
  2.199568244114E-04  1.359424147146E-04      17   8   5    48
  5.297979728712E-04  3.640291814394E-04      16  11   1    48
  4.714723750983E-04  3.149616643556E-04      15  12   3    48
  3.369333965787E-04  1.781724629680E-04      18   7   3    24
  4.267201521543E-04  2.753906634736E-04      15  11   6    48
  3.266157236891E-04  2.129030431732E-04      16   8   8    24
  1.016579581052E-04  4.027143923416E-05      17   9   4    48
  3.784267533325E-04  2.339391070433E-04      16  11   3    48
  4.177710299314E-04  2.638858983354E-04      16   9   7    48
  3.354671554891E-04  2.201747778774E-04      12  11  11    24
  1.257945474357E-04  3.751407910067E-05      18   8   0    12
  2.996248620657E-04  1.891961088818E-04      12  12  10    24
  4.135962464476E-05 -6.154549125178E-06      17  10   1    48
  2.904782909632E-04  1.659032453061E-04      14  13   5    48
  3.854977454351E-04  2.359858538242E-04      13  11  10    48
  8.552209464746E-05 -1.765310505599E-05      18   8   2    24
  2.828498551636E-04  1.537094659348E-04      16  10   6    48
  9.632209515483E-05  4.686637665699E-05      14  14   0    12
  8.936754699278E-05  2.431429074389E-05      15  13   0    24
  1.473810882680E-04  4.892306670352E-05      15  12   5    48
  2.767436840208E-04  1.473007942407E-04      13  12   9    48
  5.491026568881E-06 -5.397751148266E-05      18   6   6    12
  8.757820130938E-05  2.788609396589E-05      14  14   2    24
  1.548361776352E-04  7.473345185969E-05      14  10  10    24
 -3.607049347804E-05 -1.082275973431E-04      18   7   5    24
 -4.959833767138E-05 -7.441585087715E-05      17  10   3    48
  5.361016347735E-05 -2.139638146507E-05      15  13   2    48
  1.669548553079E-04  6.538087706318E-05      14  11   9    48
  5.701723739693E-05 -1.400741134716E-06      16  12   0    24
 -8.339333257827E-05 -9.938763547378E-05      17   8   7    48
  7.007574754748E-05 -1.112923457072E-05      16  11   5    48
  6.777924720446E-05  4.591390259296E-06      13  13   8    24
 -1.524492010380E-04 -1.902779628699E-04      18   8   4    24
  1.346106184238E-05 -5.235615012143E-05      16  12   2    48
  3.341617712203E-05 -3.660958278621E-05      14  12   8    48
 -1.896794742100E-04 -2.149169227872E-04      18   9   1    24
 -1.214297033329E-04 -1.258368266126E-04      17   9   6    48
 -4.533934671254E-05 -9.809506162195E-05      15  10   9    48
 -4.295977226967E-05 -7.016965753704E-05      14  14   4    24
 -1.091821850988E-04 -1.028099928546E-04      17  11   0    24
 -1.339453360643E-04 -1.578807301879E-04      15  13   4    48
 -1.177957947992E-04 -1.488842480860E-04      15  11   8    48
 -2.916270386383E-04 -2.797527384423E-04      18   9   3    24
 -1.748320765113E-04 -1.576106694613E-04      17  11   2    48
 -1.742108656141E-04 -1.589198046460E-04      17  10   5    48
 -1.240337815321E-04 -1.491590910484E-04      14  13   7    48
 -1.536071277654E-04 -1.706480829173E-04      16  12   4    48
 -1.143321046489E-04 -1.262387259374E-04      16   9   9    24
 -2.279575221198E-04 -2.222996073088E-04      15  12   7    48
 -1.837229601913E-04 -1.923153124247E-04      16  10   8    48
 -2.504376320854E-04 -2.214138678862E-04      18   7   7    12
 -2.525904168230E-04 -2.266239842956E-04      15  14   1    48
 -2.549730799178E-04 -2.200156544053E-04      18  10   0    12
 -3.654560413762E-04 -3.173791092337E-04      18   8   6    24
 -2.046791209135E-04 -1.688764114260E-04      17  11   4    48
 -2.393048523341E-04 -2.204938450587E-04      16  13   1    48
 -2.390615472938E-04 -2.247050801276E-04      16  11   7    48
 -3.721263044919E-04 -3.119586380656E-04      18  10   2    24
 -1.716876117371E-04 -1.531446643298E-04      14  14   6    24
 -3.814442526515E-04 -3.165207737672E-04      18   9   5    24
 -2.833795835709E-04 -2.387367483777E-04      15  14   3    48
 -2.997801697150E-04 -2.572387363373E-04      15  13   6    48
 -1.243405313645E-04 -1.087876358693E-04      12  12  12     8
 -1.981226610876E-04 -1.543713750882E-04      17  12   1    48
 -2.088832735510E-04 -1.654285883547E-04      17   9   8    48
 -2.736170362620E-04 -2.350511102500E-04      16  13   3    48
 -3.014707719111E-04 -2.610930177959E-04      13  12  11    48
 -2.876332111328E-04 -2.446053740302E-04      16  12   6    48
 -1.973700549433E-04 -1.526576113928E-04      17  10   7    48
 -2.050556368739E-04 -1.715037281027E-04      14  11  11    24
 -2.170691204449E-04 -1.830665393416E-04      13  13  10    24
 -3.599689809737E-04 -2.795402957786E-04      18  10   4    24
 -2.966286146175E-04 -2.442584331223E-04      14  12  10    48
 -1.757074375481E-04 -1.304153379174E-04      17  12   3    48
 -3.195247010920E-04 -2.367343480703E-04      18  11   1    24
 -1.644211943123E-04 -1.199704878971E-04      17  11   6    48
 -2.686694041491E-04 -2.049599229921E-04      15  14   5    48
 -3.060962257975E-04 -2.378300123945E-04      15  11  10    48
 -2.853936175764E-04 -2.263316145753E-04      14  13   9    48
 -2.679950524039E-04 -2.077260132446E-04      16  13   5    48
 -1.285664543577E-04 -9.266431370845E-05      15  15   0    12
 -2.933435841729E-04 -2.213896171571E-04      15  12   9    48
 -2.117133479810E-04 -1.515348169617E-04      18   8   8    12
 -1.662321492113E-04 -1.252867021451E-04      16  14   0    24
 -2.647918631237E-04 -1.839992520478E-04      18  11   3    24
 -2.830548156876E-04 -1.991600307260E-04      18   9   7    24
 -1.647765194130E-04 -1.150509945048E-04      15  15   2    24
 -2.185594495940E-04 -1.602848024518E-04      16  14   2    48
 -1.845395378718E-04 -1.388864106019E-04      16  10  10    24
 -1.555249033618E-04 -1.140886530292E-04      14  14   8    24
 -6.899609320322E-05 -4.322599741678E-05      17  13   0    24
 -1.028765611117E-04 -6.488065835291E-05      17  12   5    48
 -2.493908355624E-04 -1.846002263322E-04      16  11   9    48
 -2.389721394339E-04 -1.701340170916E-04      15  13   8    48
 -2.275646403676E-04 -1.498631412946E-04      18  10   6    24
 -7.760118687829E-05 -4.450166634278E-05      17  13   2    48
 -2.125860997906E-04 -1.493197432379E-04      16  12   8    48
 -1.044525081915E-04 -6.236846238013E-05      15  15   4    24
 -9.699092663920E-05 -5.206117033904E-05      18  12   0    12
 -1.542964636237E-04 -1.010889930576E-04      16  14   4    48
 -1.281302433350E-04 -6.629732899292E-05      18  11   5    24
 -4.857485609805E-05 -2.034304418205E-05      17  10   9    48
 -1.257212194915E-04 -7.362682999121E-05      15  14   7    48
 -1.023512086359E-04 -4.541434267654E-05      18  12   2    24
 -1.866300725020E-05  2.450185150376E-06      17  13   4    48
 -2.244315945686E-05 -1.172035015332E-07      17  11   8    48
 -1.404880361882E-04 -8.709173331551E-05      16  13   7    48
  1.789511455553E-05  3.045234766204E-05      17  12   7    48
 -5.526960352245E-05 -1.727726641840E-05      16  15   1    48
 -6.150729162333E-05 -2.894756635353E-05      13  13  12    24
 -4.423907331948E-06  3.029100482641E-05      18  12   4    24
 -3.827156940444E-05 -1.117866111206E-05      14  12  12    24
 -1.810900596140E-06  2.276232730052E-05      18   9   9    12
  4.056204474525E-05  4.425992038727E-05      17  14   1    48
 -2.890017621399E-07  1.992168210861E-05      15  15   6    24
 -4.286146319767E-05 -8.189293861746E-06      14  13  11    48
  1.440597141372E-05  4.432691633706E-05      18  10   8    24
 -3.250717659398E-05 -1.427488993986E-06      16  14   6    48
 -8.196572113622E-06  1.872777246093E-05      16  15   3    48
 -2.085590980235E-06  2.634818235743E-05      15  12  11    48
  3.800568302122E-06  1.887830896447E-05      14  14  10    24
  6.084705322359E-05  7.527957364281E-05      18  13   1    24
  5.944842526390E-05  7.600020681505E-05      18  11   7    24
  6.105104084433E-05  5.775448913418E-05      17  14   3    48
  5.642035870125E-05  5.653417835816E-05      17  13   6    48
  1.800379027283E-05  3.999352648370E-05      15  13  10    48
  7.177432750071E-06  2.282001093394E-05      16  11  11    24
  1.973163053280E-05  3.930811770902E-05      16  12  10    48
  9.840453501786E-05  9.964275577931E-05      18  13   3    24
  7.015075362828E-05  7.498006866561E-05      15  14   9    48
  1.110815740725E-04  1.094182324408E-04      18  12   6    24
  6.502943383802E-05  7.016238423617E-05      16  15   5    48
  4.564931893967E-05  5.661324461586E-05      16  13   9    48
  8.043557412372E-05  6.679878619724E-05      17  14   5    48
  8.598472760374E-05  7.300637889844E-05      17  11  10    48
  2.896608668393E-05  3.066800502456E-05      16  16   0    12
  6.601085798915E-05  5.224130102597E-05      17  15   0    24
  9.084051330510E-05  7.502026907766E-05      17  12   9    48
  8.699371034554E-05  7.739465985461E-05      15  15   8    24
  4.777618163992E-05  4.742581105895E-05      16  16   2    24
  8.213864706555E-05  7.813513389969E-05      16  14   8    48
  1.373886471998E-04  1.181599101034E-04      18  13   5    24
  9.116207241761E-05  7.055215544968E-05      17  15   2    48
  9.547121816819E-05  7.884819615836E-05      18  14   0    12
  8.479488786924E-05  6.697968936060E-05      17  13   8    48
  1.342015972000E-04  1.080872002579E-04      18  14   2    24
  1.028892475547E-04  8.535479044016E-05      18  10  10    12
  1.472885733387E-04  1.202035820606E-04      18  11   9    24
  6.024098958062E-05  5.304553174836E-05      16  16   4    24
  7.678904620213E-05  5.512936619041E-05      17  15   4    48
  1.076505503869E-04  8.978685594183E-05      16  15   7    48
  1.436793027085E-04  1.127017455557E-04      18  12   8    24
  6.299148408726E-05  4.487775060528E-05      17  14   7    48
  7.361756804401E-05  5.965162349439E-05      14  13  13    24
  1.193715767728E-04  8.904683651338E-05      18  14   4    24
  7.256831700807E-05  5.676581699330E-05      14  14  12    24
  1.169560936164E-04  9.100214455763E-05      15  13  12    48
  1.175645559104E-04  8.620767685383E-05      18  13   7    24
  1.046014223658E-04  7.758411327483E-05      15  14  11    48
  7.053589782000E-05  5.502743986419E-05      16  12  12    24
  4.793435499139E-05  3.164123937985E-05      17  16   1    48
  9.326180165664E-05  7.191650807672E-05      16  13  11    48
  5.737199076271E-05  4.430292113690E-05      16  16   6    24
  9.115197726942E-05  5.870865441513E-05      18  15   1    24
  3.641154443468E-05  1.960193491942E-05      17  15   6    48
  6.896087276242E-05  4.781067801985E-05      15  15  10    24
  7.930444192044E-05  5.774881804478E-05      16  14  10    48
  3.433975421811E-05  1.991821598780E-05      17  16   3    48
  3.468398294238E-05  1.884036172637E-05      17  12  11    48
  6.688650958126E-05  4.004811923529E-05      18  14   6    24
  6.530732831292E-05  3.638954157083E-05      18  15   3    24
  2.627966121468E-05  1.268807298124E-05      17  13  10    48
  6.494040380343E-05  4.251131538582E-05      16  15   9    48
  3.391750374288E-05  1.620725947810E-05      18  11  11    12
  3.531687102462E-06 -4.892748971050E-06      17  14   9    48
  4.364245169964E-05  1.948167082837E-05      18  12  10    24
  7.121970155870E-06 -1.915168796008E-06      17  16   5    48
  1.362338132832E-05 -5.010170350295E-06      18  15   5    24
  2.392107648129E-05  4.567846843145E-06      18  13   9    24
  2.530943314782E-05  1.413960688398E-05      16  16   8    24
 -1.387655637861E-05 -1.203649539955E-05      17  17   0    12
 -1.876071744753E-05 -2.241836275427E-05      17  15   8    48
  7.356409534305E-06 -2.936972455834E-06      18  16   0    12
 -2.069895100540E-05 -1.747195149345E-05      17  17   2    24
  1.470581975899E-06 -1.085772460858E-05      18  16   2    24
 -1.310085215989E-05 -2.307109492041E-05      18  14   8    24
 -5.926735697966E-06 -8.106863470310E-06      14  14  14     8
 -1.228371189735E-05 -1.976891642753E-05      15  14  13    48
 -2.154540648730E-05 -1.698126950653E-05      17  17   4    24
 -2.274369005277E-05 -2.287666155051E-05      17  16   7    48
 -4.800096580214E-07 -6.687929054641E-06      16  13  13    24
 -1.424935400084E-05 -1.926385631257E-05      15  15  12    24
 -2.118864811931E-05 -2.686939317746E-05      18  16   4    24
 -8.598435844103E-06 -1.548649270568E-05      16  14  12    48
 -4.351468682133E-05 -4.491205167366E-05      18  15   7    24
 -3.415442430248E-05 -3.011885244504E-05      17  13  12    48
 -1.880990530552E-05 -2.338247885852E-05      16  15  11    48
 -3.716874726525E-05 -3.062305071121E-05      17  14  11    48
 -3.739714174334E-05 -3.414754336757E-05      18  12  12    12
 -1.321514470599E-05 -1.481579691495E-05      16  16  10    24
 -4.460944758083E-05 -3.394697060444E-05      18  17   1    24
 -5.195652226664E-05 -4.631023029890E-05      18  13  11    24
 -1.654759133917E-05 -1.146039036583E-05      17  17   6    24
 -4.145433091135E-05 -3.275655651930E-05      17  15  10    48
 -4.257958005043E-05 -3.888996354396E-05      18  16   6    24
 -5.525221355746E-05 -4.591950917106E-05      18  14  10    24
 -3.995276907543E-05 -2.881048062602E-05      18  17   3    24
 -2.979421239658E-05 -2.319384454613E-05      17  16   9    48
 -5.911716856914E-05 -4.654305669051E-05      18  15   9    24
 -2.586231035537E-05 -1.570436645325E-05      18  17   5    24
 -3.456644110455E-06 -3.739451293471E-07      17  17   8    24
 -3.997414980167E-05 -3.008708709061E-05      18  16   8    24
 -2.968822607133E-05 -2.114561801289E-05      15  15  14    24
 -2.081046414055E-05 -1.314838283832E-05      18  18   0     3
 -2.059925518111E-05 -1.515085100961E-05      16  14  14    24
 -3.185072013264E-05 -2.377957841969E-05      16  15  13    48
 -2.557440226968E-05 -1.515390866235E-05      18  18   2     6
 -9.717160618031E-06 -3.986525464888E-06      17  14  13    48
 -1.784837335782E-05 -1.336661602707E-05      16  16  12    24
 -1.109283951275E-05 -4.076842573109E-06      17  15  12    48
 -1.809542737469E-06  3.812849919680E-06      18  17   7    24
 -1.684656928922E-05 -9.729086673557E-06      18  13  13    12
 -1.358803957105E-05 -5.049597247065E-06      18  18   4     6
 -2.095115451491E-05 -1.050151213520E-05      18  14  12    24
 -6.871326538974E-06 -2.028788135899E-06      17  16  11    48
 -1.770208858236E-05 -6.976543626736E-06      18  15  11    24
  9.281704208013E-06  8.325977846846E-06      17  17  10    24
 -8.975137492244E-06 -2.117332901254E-06      18  16  10    24
  4.553125616199E-06  8.780920585550E-06      18  18   6     6
  1.834589455023E-05  1.694872435742E-05      18  17   9    24
  4.047992215295E-06  5.798261164939E-06      16  15  15    24
  2.599904929365E-06  3.887479908550E-06      16  16  14    24
  1.842174782361E-05  1.524277870147E-05      17  15  14    48
  1.847643126984E-05  1.703696049204E-05      18  18   8     6
  1.110262720396E-05  9.762828325061E-06      17  16  13    48
  1.597569897597E-05  1.396890343735E-05      18  14  14    12
  2.098947316240E-05  1.922440160874E-05      18  15  13    24
  7.592140819242E-06  5.064646243675E-06      17  17  12    24
  1.511814320927E-05  1.408659760329E-05      18  16  12    24
  1.644486654747E-05  1.135820542999E-05      18  17  11    24
  1.575799304119E-05  1.114399505163E-05      18  18  10     6
  2.656308209440E-06  2.017328683146E-06      16  16  16     8
  4.251594210183E-06  1.845126111388E-06      17  16  15    48
  8.563418307026E-06  4.799564351549E-06      18  15  15    12
 -3.782397208445E-06 -3.822061882281E-06      17  17  14    24
  7.143493614903E-06  3.839136560205E-06      18  16  14    24
 -2.769850857764E-06 -4.224910963100E-06      18  17  13    24
  3.047863304852E-07 -2.062204826715E-06      18  18  12     6
 -2.744199598644E-06 -1.950433958453E-06      17  17  16    24
 -2.484900494393E-06 -2.525044831379E-06      18  16  16    12
 -8.969778935779E-06 -6.865675030352E-06      18  17  15    24
 -8.143455644310E-06 -6.544889879916E-06      18  18  14     6
  2.603294408986E-06  2.437853786178E-06      18  17  17    12
 -1.173151515811E-06 -2.594577795323E-07      18  18  16     6
  2.159882227614E-06  1.688620166067E-06      18  18  18     1
