 format  1  0
dim                 
                   3
crystal_system      
             'cubic'
N_cell_param        
                   1
cell_param          
    3.0406024521E+00
group_name          
          'I m -3 m'
N_monomer           
                   2
N_star              
                 670
  2.500000000000E-01  7.500000000000E-01       0   0   0     1
  2.878563053332E-01 -2.878562839888E-01       1   1   0    12
  6.400011370488E-02 -6.400013061504E-02       2   0   0     6
 -1.421488580599E-03  1.421492817142E-03       2   1   1    24
 -2.972159261847E-02  2.972157242459E-02       2   2   0    12
 -4.021427143337E-02  4.021425249398E-02       3   1   0    24
 -2.219635413762E-02  2.219639107852E-02       2   2   2     8
 -3.505221521650E-02  3.505221200690E-02       3   2   1    48
 -5.163567838704E-03  5.163561594254E-03       4   0   0     6
 -3.187106762735E-03  3.187109160220E-03       4   1   1    24
 -2.917247876102E-03  2.917244072590E-03       3   3   0    12
  2.564371343807E-03 -2.564316963454E-03       4   2   0    24
  7.296122339777E-03 -7.296128173390E-03       3   3   2    24
  8.921530958664E-03 -8.921597621773E-03       4   2   2    24
  7.881312814600E-03 -7.881298144255E-03       5   1   0    24
  1.308590495494E-02 -1.308589452299E-02       4   3   1    48
  9.414362656355E-03 -9.414369298980E-03       5   2   1    48
  4.082582069662E-03 -4.082610976900E-03       4   4   0    12
  3.815007194027E-03 -3.814979502820E-03       5   3   0    24
  4.377974429142E-03 -4.377989657075E-03       4   3   3    24
  7.542899016893E-04 -7.542799941291E-04       6   0   0     6
  2.625004012058E-03 -2.624954343861E-03       4   4   2    24
  4.996639293407E-04 -4.996872957357E-04       6   1   1    24
  1.464764930012E-03 -1.464771396946E-03       5   3   2    48
 -3.948347005823E-04  3.948175340625E-04       6   2   0    24
 -1.455644022322E-03  1.455644434212E-03       5   4   1    48
 -1.694592121878E-03  1.694584883167E-03       6   2   2    24
 -2.906381092306E-03  2.906394250779E-03       6   3   1    48
 -1.464993652785E-03  1.464967701661E-03       4   4   4     8
 -2.029321745687E-03  2.029333005804E-03       7   1   0    24
 -1.671442650892E-03  1.671421311664E-03       5   5   0    12
 -3.583882772605E-03  3.583896811937E-03       5   4   3    48
 -2.203104330743E-03  2.203125170639E-03       6   4   0    24
 -2.504101459647E-03  2.504069017741E-03       7   2   1    48
 -2.113371769793E-03  2.113399243686E-03       6   3   3    24
 -2.179847042821E-03  2.179850565906E-03       5   5   2    24
 -2.603142058357E-03  2.603136507910E-03       6   4   2    48
 -1.293521146986E-03  1.293527571497E-03       7   3   0    24
 -1.078014555842E-03  1.078035540604E-03       7   3   2    48
 -1.250692962722E-03  1.250671082178E-03       6   5   1    48
 -1.249890216910E-04  1.250211433435E-04       8   0   0     6
 -5.448663844103E-05  5.449852541295E-05       8   1   1    24
 -3.273011385314E-04  3.273110884441E-04       7   4   1    48
 -3.756454358075E-04  3.756258271602E-04       5   5   4    24
  1.211031437830E-04 -1.211187648068E-04       8   2   0    24
 -8.345146158315E-05  8.346523599942E-05       6   4   4    24
  2.092002197337E-04 -2.092004174747E-04       6   5   3    48
  3.973506476979E-04 -3.973472882135E-04       8   2   2    24
  2.372658024321E-04 -2.372866765450E-04       6   6   0    12
  7.018801170012E-04 -7.018840661305E-04       8   3   1    48
  4.753689720525E-04 -4.753858562540E-04       7   5   0    24
  6.832500905515E-04 -6.832399389674E-04       7   4   3    48
  5.783129470687E-04 -5.782938596851E-04       6   6   2    24
  9.047147710744E-04 -9.047146149468E-04       7   5   2    48
  6.349078826699E-04 -6.349099002703E-04       8   4   0    24
  5.735031241584E-04 -5.735132245194E-04       9   1   0    24
  6.459426897754E-04 -6.459497333224E-04       8   3   3    24
  8.845943432785E-04 -8.845930122479E-04       8   4   2    48
  7.196554582720E-04 -7.196459390647E-04       9   2   1    48
  8.790450379557E-04 -8.790440326384E-04       7   6   1    48
  6.962992575884E-04 -6.963090911155E-04       6   5   5    24
  6.353000564160E-04 -6.353094591540E-04       6   6   4    24
  4.083227604265E-04 -4.083382882459E-04       9   3   0    24
  6.830394020192E-04 -6.830424547814E-04       8   5   1    48
  7.887084599528E-04 -7.887143707005E-04       7   5   4    48
  4.144022758636E-04 -4.143992148539E-04       9   3   2    48
  5.702026719394E-04 -5.701891667285E-04       7   6   3    48
  3.034663163797E-04 -3.034817451653E-04       8   4   4    24
  2.394259962720E-04 -2.394268287648E-04       9   4   1    48
  3.252767288957E-04 -3.252835499024E-04       8   5   3    48
  1.612265534429E-04 -1.612193572784E-04       7   7   0    12
  2.235107819801E-05 -2.237984440439E-05      10   0   0     6
  1.485342929329E-04 -1.485294947875E-04       8   6   0    24
  6.130324531259E-07 -6.190843384087E-07      10   1   1    24
  1.032707233536E-04 -1.032572282562E-04       7   7   2    24
 -3.948424650443E-05  3.948764095691E-05      10   2   0    24
  4.905151195518E-05 -4.905473910006E-05       8   6   2    48
 -4.033824353713E-05  4.035059787531E-05       9   5   0    24
 -5.239871675987E-05  5.238027400300E-05       9   4   3    48
 -1.056967280408E-04  1.057116403411E-04      10   2   2    24
 -2.764806403743E-05  2.765375853303E-05       6   6   6     8
 -1.862795229773E-04  1.862801364063E-04      10   3   1    48
 -1.602946577405E-04  1.602998388227E-04       9   5   2    48
 -1.358710268765E-04  1.358791807244E-04       7   6   5    48
 -2.286914930179E-04  2.286890921608E-04       8   7   1    48
 -1.647565490302E-04  1.647620072900E-04       8   5   5    24
 -1.639841107584E-04  1.639784672075E-04       7   7   4    24
 -1.799661661666E-04  1.799678398450E-04      10   4   0    24
 -2.625626670740E-04  2.625621536340E-04       8   6   4    48
 -1.877735134807E-04  1.877755588541E-04      10   3   3    24
 -2.708099328409E-04  2.708086775689E-04       9   6   1    48
 -2.691385819913E-04  2.691395554343E-04      10   4   2    48
 -1.715390274874E-04  1.715522137987E-04      11   1   0    24
 -2.903376432197E-04  2.903468511506E-04       9   5   4    48
 -2.956996606245E-04  2.956922970734E-04       8   7   3    48
 -2.189154466837E-04  2.189106373192E-04      11   2   1    48
 -2.493393254760E-04  2.493352510023E-04      10   5   1    48
 -2.753119966881E-04  2.753123106401E-04       9   6   3    48
 -1.287170752038E-04  1.287140506946E-04       8   8   0    12
 -1.309020240051E-04  1.309001053099E-04      11   3   0    24
 -1.660103192978E-04  1.660075618035E-04       9   7   0    24
 -1.442150944013E-04  1.442203713391E-04      10   4   4    24
 -1.594429643333E-04  1.594392957210E-04       8   8   2    24
 -1.460476123766E-04  1.460416154558E-04      11   3   2    48
 -1.813959113807E-04  1.813993911163E-04      10   5   3    48
 -1.972742940274E-04  1.972736138305E-04       9   7   2    48
 -1.654607861906E-04  1.654577707526E-04       7   7   6    24
 -1.083303938612E-04  1.083277778052E-04      10   6   0    24
 -1.437395294026E-04  1.437377297519E-04       8   6   6    24
 -1.031591660206E-04  1.031579601343E-04      11   4   1    48
 -1.735408083263E-04  1.735410577852E-04       8   7   5    48
 -1.092887649447E-04  1.092881332242E-04      10   6   2    48
 -1.108083471341E-04  1.108076073186E-04       9   6   5    48
 -4.567518033707E-06  4.567663417312E-06      12   0   0     6
 -6.120651185149E-05  6.120774064821E-05       8   8   4    24
  1.909648273518E-06 -1.911533410860E-06      12   1   1    24
 -1.552736974277E-05  1.552645428791E-05      11   5   0    24
 -2.355998682417E-05  2.356098904068E-05      11   4   3    48
 -4.804443115313E-05  4.804531069781E-05       9   8   1    48
 -5.798381285096E-05  5.798448059875E-05       9   7   4    48
  1.209347054870E-05 -1.209360247960E-05      12   2   0    24
  1.143129289046E-05 -1.142991330083E-05      11   5   2    48
 -7.480704583765E-07  7.489348014011E-07      10   7   1    48
 -4.128489487627E-06  4.126778791525E-06      10   5   5    24
  2.952679014229E-05 -2.952733001598E-05      12   2   2    24
  1.283628485877E-05 -1.283739191447E-05      10   6   4    48
  5.199784745414E-05 -5.199675104539E-05      12   3   1    48
  2.592094263667E-05 -2.591867718236E-05       9   8   3    48
  6.159282868831E-05 -6.159219780563E-05      11   6   1    48
  5.634948256683E-05 -5.634876817102E-05      10   7   3    48
  5.217316089742E-05 -5.217177627234E-05      12   4   0    24
  5.534210128326E-05 -5.534109129879E-05      12   3   3    24
  7.667402443322E-05 -7.667504544182E-05      11   5   4    48
  3.711055540446E-05 -3.710938406484E-05       9   9   0    12
  5.286514289875E-05 -5.286628674085E-05       8   7   7    24
  8.129762550731E-05 -8.129684196158E-05      12   4   2    48
  5.699022899303E-05 -5.698943515053E-05      10   8   0    24
  5.888415130883E-05 -5.888509089542E-05       8   8   6    24
  8.525075082079E-05 -8.525231309265E-05      11   6   3    48
  6.060757092981E-05 -6.060596639713E-05       9   9   2    24
  8.925074782242E-05 -8.925206754224E-05       9   7   6    48
  8.820760754868E-05 -8.820761907611E-05      10   8   2    48
  5.350538146618E-05 -5.350601607066E-05      13   1   0    24
  8.282580818838E-05 -8.282594289526E-05      12   5   1    48
  6.122612842633E-05 -6.122592475145E-05      11   7   0    24
  9.488008998473E-05 -9.487967818140E-05       9   8   5    48
  6.639732200662E-05 -6.639774582683E-05      10   6   6    24
  6.939904029117E-05 -6.939867599849E-05      13   2   1    48
  8.476347435385E-05 -8.476358446461E-05      11   7   2    48
  9.233750015105E-05 -9.233809563286E-05      10   7   5    48
  5.394835607782E-05 -5.394899031497E-05      12   4   4    24
  4.300360011783E-05 -4.300349157597E-05      13   3   0    24
  7.206971239262E-05 -7.207104090124E-05      12   5   3    48
  6.118921944542E-05 -6.118881894969E-05       9   9   4    24
  4.688647796854E-05 -4.688562016680E-05      12   6   0    24
  8.067473385306E-05 -8.067481022475E-05      10   8   4    48
  5.082290609583E-05 -5.082377323649E-05      13   3   2    48
  7.195468241312E-05 -7.195518972566E-05      11   6   5    48
  7.055750846191E-05 -7.055783439234E-05      10   9   1    48
  5.622035781314E-05 -5.622081576345E-05      12   6   2    48
  3.971045652248E-05 -3.971015205272E-05      13   4   1    48
  5.592693365042E-05 -5.592707621241E-05      11   8   1    48
  5.935376798984E-05 -5.935437273968E-05      11   7   4    48
  4.809407933330E-05 -4.809426317607E-05      10   9   3    48
  2.091588356423E-05 -2.091497369115E-05       8   8   8     8
  1.223042292659E-05 -1.223024094129E-05      13   5   0    24
  1.769297610825E-05 -1.769394972891E-05      13   4   3    48
  2.554232166821E-05 -2.554227418259E-05      12   7   1    48
  1.945718481222E-05 -1.945797622843E-05      12   5   5    24
  3.194842191517E-05 -3.194820605018E-05      11   8   3    48
  4.273665533806E-05 -4.273467608797E-05       9   8   7    48
  1.203958979329E-06 -1.204785296679E-06      14   0   0     6
  2.123123205022E-05 -2.123109829534E-05      12   6   4    48
 -6.286104985219E-07  6.278638409876E-07      14   1   1    24
  7.177845526627E-06 -7.177141191242E-06      13   5   2    48
  1.847324462556E-05 -1.847230651261E-05      10   7   7    24
  1.895887948890E-05 -1.895870232033E-05       9   9   6    24
 -3.466186534848E-06  3.466186770068E-06      14   2   0    24
  6.198854882669E-06 -6.198960118358E-06      10  10   0    12
  1.887623083009E-05 -1.887583096193E-05      10   8   6    48
  3.994757547869E-06 -3.993951502366E-06      12   7   3    48
  4.121554248594E-06 -4.121889411026E-06      11   9   0    24
 -8.464969357212E-06  8.465085617609E-06      14   2   2    24
  1.397266380535E-06 -1.397647303137E-06      10  10   2    24
 -1.502705728665E-05  1.502789801857E-05      14   3   1    48
 -1.027445527758E-05  1.027437854050E-05      13   6   1    48
 -3.763494321457E-06  3.763779070901E-06      11   9   2    48
 -1.343807132595E-06  1.344423733790E-06      11   7   6    48
 -2.371745826050E-07  2.367808248129E-07      10   9   5    48
 -7.280734820872E-06  7.280635710269E-06      12   8   0    24
 -1.656576869438E-05  1.656623328572E-05      13   5   4    48
 -1.106534419189E-05  1.106589283440E-05      11   8   5    48
 -1.563053809317E-05  1.563070259809E-05      14   4   0    24
 -1.704489915131E-05  1.704482317404E-05      12   8   2    48
 -1.681175359263E-05  1.681227557093E-05      14   3   3    24
 -2.173926744536E-05  2.174006159815E-05      13   6   3    48
 -2.511534762294E-05  2.511563543343E-05      14   4   2    48
 -1.568838210280E-05  1.568895483219E-05      12   6   6    24
 -1.516648781315E-05  1.516643022932E-05      10  10   4    24
 -1.786515695239E-05  1.786454024269E-05      13   7   0    24
 -2.443543578768E-05  2.443631296920E-05      12   7   5    48
 -2.414018368057E-05  2.414029567392E-05      11   9   4    48
 -2.720186771650E-05  2.720106025211E-05      14   5   1    48
 -2.733851328302E-05  2.733862461081E-05      13   7   2    48
 -2.732451491336E-05  2.732435226894E-05      11  10   1    48
 -2.844140501232E-05  2.844189378489E-05      12   8   4    48
 -1.678555461716E-05  1.678674791591E-05      15   1   0    24
 -2.833743979181E-05  2.833722663587E-05      12   9   1    48
 -2.195536759016E-05  2.195520435898E-05       9   9   8    24
 -1.905122383600E-05  1.905171817869E-05      14   4   4    24
 -2.236061180005E-05  2.236014995050E-05      10   8   8    24
 -2.206477817768E-05  2.206514516256E-05      15   2   1    48
 -2.629372161620E-05  2.629405286910E-05      14   5   3    48
 -2.812169065763E-05  2.812209528394E-05      13   6   5    48
 -2.942627547757E-05  2.942572725571E-05      11  10   3    48
 -3.167472035395E-05  3.167408152077E-05      10   9   7    48
 -1.786302910517E-05  1.786244555078E-05      14   6   0    24
 -1.401356211537E-05  1.401308560372E-05      15   3   0    24
 -2.586049642113E-05  2.586084520669E-05      13   8   1    48
 -2.656415006290E-05  2.656414322921E-05      13   7   4    48
 -2.757212250750E-05  2.757166279461E-05      12   9   3    48
 -3.055856826294E-05  3.055809121836E-05      11   8   7    48
 -2.319393690817E-05  2.319361345448E-05      14   6   2    48
 -2.096632915327E-05  2.096628680448E-05      10  10   6    24
 -1.717952839688E-05  1.717937031129E-05      15   3   2    48
 -2.826623980171E-05  2.826600507246E-05      11   9   6    48
 -1.421516899465E-05  1.421452651524E-05      15   4   1    48
 -2.107973223988E-05  2.107942641207E-05      13   8   3    48
 -1.721961135561E-05  1.721920596029E-05      12   7   7    24
 -1.118054547002E-05  1.118071243183E-05      11  11   0    12
 -1.422800735012E-05  1.422828515348E-05      12  10   0    24
 -2.255652722051E-05  2.255604405356E-05      12   8   6    48
 -1.552776882534E-05  1.552799948278E-05      14   7   1    48
 -1.134240449528E-05  1.134239661592E-05      14   5   5    24
 -1.368648031969E-05  1.368647412565E-05      11  11   2    24
 -2.132670744084E-05  2.132663416582E-05      11  10   5    48
 -1.426911900282E-05  1.426907798849E-05      14   6   4    48
 -1.694557298573E-05  1.694532772104E-05      12  10   2    48
 -5.647138184498E-06  5.647027741930E-06      15   5   0    24
 -8.086516805738E-06  8.086758006971E-06      15   4   3    48
 -9.565859326928E-06  9.566287109949E-06      13   9   0    24
 -1.662232976205E-05  1.662192573636E-05      12   9   5    48
 -5.008320350584E-06  5.008557027486E-06      15   5   2    48
 -8.932250879761E-06  8.932023701675E-06      14   7   3    48
 -1.013889288898E-05  1.013899934685E-05      13   9   2    48
 -1.133797164360E-05  1.133711771035E-05      13   7   6    48
 -4.496576625105E-07  4.494702833577E-07      16   0   0     6
  7.213343646406E-08 -7.246581267212E-08      16   1   1    24
 -7.467742508676E-06  7.467240260934E-06      13   8   5    48
 -6.281003267899E-06  6.280924643883E-06      11  11   4    24
  9.900287032847E-07 -9.903612967822E-07      16   2   0    24
 -2.620382865106E-06  2.620833069252E-06      14   8   0    24
 -6.537714048947E-06  6.537531723059E-06      12  10   4    48
  5.132564188148E-07 -5.127956506029E-07      15   6   1    48
 -5.288020496339E-06  5.287352249492E-06      10   9   9    24
  2.647356933164E-06 -2.647264686500E-06      16   2   2    24
 -8.475549114145E-07  8.474010614102E-07      14   8   2    48
 -3.758886406367E-06  3.758518462454E-06      10  10   8    24
  4.786881669501E-06 -4.786887053369E-06      16   3   1    48
  2.709454924031E-06 -2.709471873573E-06      15   5   4    48
 -5.080145413701E-07  5.076225211840E-07      13   9   4    48
 -6.910652675863E-07  6.912938968751E-07      12  11   1    48
 -3.291593191308E-06  3.291366780093E-06      11   9   8    48
  1.043631762275E-06 -1.043883413390E-06      14   6   6    24
  4.730269669790E-06 -4.730419651366E-06      15   6   3    48
  2.743964879055E-06 -2.744223279550E-06      14   7   5    48
  2.751978884023E-06 -2.751883981367E-06      13  10   1    48
  3.629337339946E-07 -3.628172247738E-07      11  10   7    48
  5.201592307958E-06 -5.201455096095E-06      16   4   0    24
  1.508033670548E-06 -1.508023921850E-06      12   8   8    24
  5.671392429511E-06 -5.671171291292E-06      16   3   3    24
  4.515445883444E-06 -4.515237111244E-06      15   7   0    24
  4.291733395121E-06 -4.291393413928E-06      12  11   3    48
  3.561736816338E-06 -3.561555526996E-06      12   9   7    48
  8.596404599977E-06 -8.596245952255E-06      16   4   2    48
  5.896252716063E-06 -5.896551347646E-06      14   8   4    48
  7.596502637869E-06 -7.596615642152E-06      15   7   2    48
  6.821555912450E-06 -6.821695900848E-06      14   9   1    48
  6.761776635391E-06 -6.761649100779E-06      13  10   3    48
  4.125949968548E-06 -4.125721619100E-06      11  11   6    24
  6.942990059067E-06 -6.942658238843E-06      12  10   6    48
  9.769799188599E-06 -9.769489934201E-06      16   5   1    48
  8.090735655574E-06 -8.090396440247E-06      13   8   7    48
  9.019209416599E-06 -9.019283831470E-06      15   6   5    48
  8.935319716555E-06 -8.935435449384E-06      14   9   3    48
  9.267848417544E-06 -9.267459455410E-06      13   9   6    48
  7.214364765552E-06 -7.214618767875E-06      16   4   4    24
  4.604578239048E-06 -4.604707428237E-06      12  12   0    12
  3.811648225286E-06 -3.811588432328E-06      17   1   0    24
  1.018180071790E-05 -1.018225365253E-05      16   5   3    48
  9.090035377304E-06 -9.090334965421E-06      15   8   1    48
  9.200281414753E-06 -9.200539480900E-06      15   7   4    48
  6.820919254998E-06 -6.821233590065E-06      13  11   0    24
  9.739326994059E-06 -9.739079054571E-06      12  11   5    48
  7.110746160363E-06 -7.110416374814E-06      16   6   0    24
  6.805869022464E-06 -6.805756585560E-06      12  12   2    24
  5.051805652013E-06 -5.052120209475E-06      17   2   1    48
  6.956909658072E-06 -6.956543451967E-06      14   7   7    24
  9.860443473632E-06 -9.860282630189E-06      13  11   2    48
  1.020680614766E-05 -1.020649260057E-05      13  10   5    48
  9.708426056776E-06 -9.708601693807E-06      16   6   2    48
  6.640782797252E-06 -6.641087146179E-06      14  10   0    24
  9.783015587224E-06 -9.782600848140E-06      14   8   6    48
  3.251547077110E-06 -3.251772167273E-06      17   3   0    24
  8.656009671232E-06 -8.656043971541E-06      15   8   3    48
  9.121982471663E-06 -9.121962222675E-06      14  10   2    48
  4.446017151800E-06 -4.445553525389E-06      10  10  10     8
  4.063807035754E-06 -4.064267589676E-06      17   3   2    48
  9.182491374777E-06 -9.182205924331E-06      14   9   5    48
  1.059875778853E-05 -1.059779898428E-05      11  10   9    48
  6.412473559876E-06 -6.412279581927E-06      12  12   4    24
  3.455971399511E-06 -3.456193567380E-06      17   4   1    48
  7.859953513916E-06 -7.859887336187E-06      16   7   1    48
  5.647463396361E-06 -5.647742386306E-06      16   5   5    24
  5.039565778766E-06 -5.039926888283E-06      15   9   0    24
  8.826023344980E-06 -8.825683982306E-06      13  11   4    48
  6.904681846035E-06 -6.904253380078E-06      12   9   9    24
  6.979973879454E-06 -6.979511982884E-06      11  11   8    24
  7.500171331584E-06 -7.500561782442E-06      16   6   4    48
  9.340121710692E-06 -9.339690692476E-06      12  10   8    48
  6.274828039036E-06 -6.274716606453E-06      15   9   2    48
  6.617011420764E-06 -6.616538005374E-06      15   7   6    48
  7.091519717075E-06 -7.091165897700E-06      14  10   4    48
  1.522056713156E-06 -1.522043048020E-06      17   5   0    24
  2.174066565503E-06 -2.174415607150E-06      17   4   3    48
  5.902474494512E-06 -5.902543060409E-06      16   7   3    48
  5.540936896921E-06 -5.540557632316E-06      15   8   5    48
  6.408475578226E-06 -6.408657486403E-06      13  12   1    48
  7.672090981699E-06 -7.671796156331E-06      13   9   8    48
  7.687343440217E-06 -7.687364659975E-06      12  11   7    48
  1.511163318224E-06 -1.511262515078E-06      17   5   2    48
  5.174480520097E-06 -5.174584989455E-06      14  11   1    48
  6.453764037055E-06 -6.453832668267E-06      13  10   7    48
  2.926284999610E-06 -2.926407594647E-06      16   8   0    24
  3.295139682376E-06 -3.294693676066E-06      15   9   4    48
  4.362817479344E-06 -4.362689328799E-06      13  12   3    48
  1.831244528468E-07 -1.832108210329E-07      18   0   0     3
  3.075223811751E-06 -3.075099298115E-06      16   8   2    48
  3.033740879579E-06 -3.033631897373E-06      14   8   8    24
  3.105036578034E-06 -3.105337090839E-06      12  12   6    24
 -1.768129052627E-08  1.775185589699E-08      18   1   1    12
  2.790471945679E-07 -2.789903302167E-07      17   6   1    48
  2.039497747404E-06 -2.039534374758E-06      15  10   1    48
  3.155013357755E-06 -3.154809531264E-06      14  11   3    48
  3.674959572516E-06 -3.674930020796E-06      14   9   7    48
  3.845296608144E-06 -3.845607148032E-06      13  11   6    48
 -3.828950116090E-07  3.831347959930E-07      18   2   0    12
  1.528020346917E-06 -1.527813677214E-06      16   6   6    24
 -2.380759301896E-07  2.382382881391E-07      17   5   4    48
  1.620865413919E-06 -1.620543707942E-06      16   7   5    48
 -1.050980133538E-06  1.051333908217E-06      18   2   2    12
  1.922157434444E-06 -1.922269582989E-06      14  10   6    48
 -1.914248863192E-06  1.914802592236E-06      18   3   1    24
 -7.304889685167E-07  7.307341958293E-07      17   6   3    48
  1.951007987086E-07 -1.948386066281E-07      15  10   3    48
  1.202216624007E-07 -1.197904489221E-07      16   8   4    48
 -8.195728157266E-07  8.195252937649E-07      17   7   0    24
 -4.213857420477E-07  4.213343362560E-07      16   9   1    48
 -4.500337260728E-07  4.498277320296E-07      15   8   7    48
 -5.783541282327E-08  5.785631646944E-08      13  13   0    12
  2.510800246943E-07 -2.514421820168E-07      13  12   5    48
 -2.122103233051E-06  2.122392465098E-06      18   4   0    12
 -3.461227898071E-07  3.462257631981E-07      14  12   0    24
 -2.327219111441E-06  2.327419320289E-06      18   3   3    12
 -1.497107552556E-06  1.497295875087E-06      17   7   2    48
 -1.288533092192E-06  1.288292998342E-06      15   9   6    48
 -5.553291531000E-07  5.552052411260E-07      14  11   5    48
 -6.471315528002E-07  6.470507293290E-07      13  13   2    24
  3.227520234414E-08 -3.268838658871E-08      11  11  10    24
 -3.554379369153E-06  3.554609990406E-06      18   4   2    24
 -1.199467517439E-06  1.199406407839E-06      14  12   2    48
 -4.051884992074E-07  4.047567314146E-07      12  10  10    24
 -1.855412798154E-06  1.855704822639E-06      16   9   3    48
 -1.478183078711E-06  1.478325178811E-06      15  11   0    24
 -1.047896383692E-06  1.047404415705E-06      12  11   9    48
 -4.138703817635E-06  4.138627258572E-06      18   5   1    24
 -1.970797374149E-06  1.970935832419E-06      17   6   5    48
 -2.575301727557E-06  2.575304149582E-06      15  11   2    48
 -2.536889864211E-06  2.536625563166E-06      15  10   5    48
 -1.912969459148E-06  1.912294804407E-06      13  10   9    48
 -1.604815703166E-06  1.604598102558E-06      12  12   8    24
 -2.086239621740E-06  2.086264308154E-06      17   8   1    48
 -2.096060097770E-06  2.096200009371E-06      17   7   4    48
 -2.018638592381E-06  2.018532914299E-06      16   7   7    24
 -1.931360100008E-06  1.931067012233E-06      13  13   4    24
 -2.535733022387E-06  2.535250027253E-06      13  11   8    48
 -3.135707574581E-06  3.135874312928E-06      18   4   4    12
 -2.168670710035E-06  2.168718369972E-06      16  10   0    24
 -3.057225339224E-06  3.057070251719E-06      16   8   6    48
 -2.749841970264E-06  2.749576071972E-06      14  12   4    48
 -4.473680548813E-06  4.473859016284E-06      18   5   3    24
 -2.048737000792E-06  2.048462127690E-06      14   9   9    24
 -3.163982066865E-06  3.163648987735E-06      18   6   0    12
 -3.342045436705E-06  3.342073909991E-06      16  10   2    48
 -3.055772407940E-06  3.055416952655E-06      14  10   8    48
 -2.147430112141E-06  2.147458018893E-06      17   8   3    48
 -3.473553701200E-06  3.473383675363E-06      16   9   5    48
 -3.418099617422E-06  3.417725036968E-06      15  11   4    48
 -3.404028400634E-06  3.403887663768E-06      13  12   7    48
 -4.421222045811E-06  4.421148009132E-06      18   6   2    24
 -3.289593631285E-06  3.289690604113E-06      14  13   1    48
 -3.352960680499E-06  3.352859174603E-06      14  11   7    48
 -1.386960329607E-06  1.387059996489E-06      17   9   0    24
 -3.414574931919E-06  3.414745249907E-06      15  12   1    48
 -3.628134736866E-06  3.627890748746E-06      15   9   8    48
 -3.595754970581E-06  3.595474817678E-06      16  10   4    48
 -3.870397568008E-06  3.870144085184E-06      18   7   1    24
 -2.768893053327E-06  2.769035269219E-06      18   5   5    12
 -1.820178945617E-06  1.820121370700E-06      17   9   2    48
 -1.878982562945E-06  1.878785388263E-06      17   7   6    48
 -3.512578635274E-06  3.512412778957E-06      15  10   7    48
 -3.282884199094E-06  3.282614420152E-06      14  13   3    48
 -2.576765164149E-06  2.576762180097E-06      13  13   6    24
 -3.750332689969E-06  3.750481505184E-06      18   6   4    24
 -3.334224618955E-06  3.334373499484E-06      14  12   6    48
 -1.680371170117E-06  1.680181461678E-06      17   8   5    48
 -3.315340118282E-06  3.315465091534E-06      16  11   1    48
 -3.130317330110E-06  3.130009299910E-06      15  12   3    48
 -3.175190084680E-06  3.175188149121E-06      18   7   3    24
 -3.026565786280E-06  3.026602375109E-06      15  11   6    48
 -2.274350540275E-06  2.274054259642E-06      16   8   8    24
 -1.227803212637E-06  1.227609967628E-06      17   9   4    48
 -2.889838817003E-06  2.889545363140E-06      16  11   3    48
 -3.077828768171E-06  3.077437730427E-06      16   9   7    48
 -2.305857098211E-06  2.305732998241E-06      12  11  11    24
 -1.765632561386E-06  1.765659878198E-06      18   8   0    12
 -2.208552604876E-06  2.208608904247E-06      12  12  10    24
 -9.502367468686E-07  9.502994653100E-07      17  10   1    48
 -2.491410639484E-06  2.491499912508E-06      14  13   5    48
 -2.990233500312E-06  2.990351484064E-06      13  11  10    48
 -2.063532462222E-06  2.063470184587E-06      18   8   2    24
 -2.582891539694E-06  2.582601838726E-06      16  10   6    48
 -9.891088521869E-07  9.891488973532E-07      14  14   0    12
 -1.301004161743E-06  1.301116804517E-06      15  13   0    24
 -1.969085696181E-06  1.969245580561E-06      15  12   5    48
 -2.588798636929E-06  2.589084468719E-06      13  12   9    48
 -1.189415587734E-06  1.189259286614E-06      18   6   6    12
 -1.193853294603E-06  1.193856730393E-06      14  14   2    24
 -1.601999806399E-06  1.602168093411E-06      14  10  10    24
 -1.443210477011E-06  1.442984196158E-06      18   7   5    24
 -4.964020983740E-07  4.962741428834E-07      17  10   3    48
 -1.500131784262E-06  1.500120328607E-06      15  13   2    48
 -2.031409608096E-06  2.031574893566E-06      14  11   9    48
 -1.168308559218E-06  1.168422167052E-06      16  12   0    24
 -3.198735500140E-07  3.198932859985E-07      17   8   7    48
 -1.624135561874E-06  1.623968431465E-06      16  11   5    48
 -1.263685103683E-06  1.263983036364E-06      13  13   8    24
 -7.566636526469E-07  7.564239283404E-07      18   8   4    24
 -1.316361933260E-06  1.316292129173E-06      16  12   2    48
 -1.400397603665E-06  1.400644738885E-06      14  12   8    48
 -5.047082445019E-07  5.048441019115E-07      18   9   1    24
 -8.810499560459E-08  8.815268868319E-08      17   9   6    48
 -1.054938683126E-06  1.055433944698E-06      15  10   9    48
 -5.441306402450E-07  5.442318077019E-07      14  14   4    24
  1.274400026280E-07 -1.274531498779E-07      17  11   0    24
 -4.786292845982E-07  4.788348292202E-07      15  13   4    48
 -6.216071036549E-07  6.219884407016E-07      15  11   8    48
  2.373994036814E-07 -2.376059775576E-07      18   9   3    24
  3.444038390157E-07 -3.444233831926E-07      17  11   2    48
  3.058762176812E-07 -3.057833654386E-07      17  10   5    48
 -5.023645382794E-07  5.026908834054E-07      14  13   7    48
 -3.408151676149E-07  3.407956000230E-07      16  12   4    48
 -2.380794574822E-07  2.383005033387E-07      16   9   9    24
  1.133623609062E-07 -1.129535836491E-07      15  12   7    48
 -1.717711927797E-07  1.720699889982E-07      16  10   8    48
  5.804465746576E-07 -5.804355388955E-07      18   7   7    12
  5.193027195493E-07 -5.193627941905E-07      15  14   1    48
  6.991985339343E-07 -6.991196399047E-07      18  10   0    12
  9.615104880249E-07 -9.614802551500E-07      18   8   6    24
  7.161244470058E-07 -7.159824933986E-07      17  11   4    48
  3.762431611003E-07 -3.762586839251E-07      16  13   1    48
  2.872125611061E-07 -2.869491551263E-07      16  11   7    48
  1.203331734158E-06 -1.203394519817E-06      18  10   2    24
  3.709114344669E-07 -3.708395048172E-07      14  14   6    24
  1.298463553632E-06 -1.298407636039E-06      18   9   5    24
  8.929559742800E-07 -8.927262293541E-07      15  14   3    48
  8.509847960288E-07 -8.506518295856E-07      15  13   6    48
  3.111502618810E-07 -3.110100096795E-07      12  12  12     8
  8.749553531280E-07 -8.750568714288E-07      17  12   1    48
  8.692097646003E-07 -8.690366878293E-07      17   9   8    48
  7.713701980205E-07 -7.712636287431E-07      16  13   3    48
  8.077575848435E-07 -8.073297104835E-07      13  12  11    48
  8.606398276150E-07 -8.603980481901E-07      16  12   6    48
  8.943661869530E-07 -8.941999207298E-07      17  10   7    48
  6.710974453420E-07 -6.708503719723E-07      14  11  11    24
  6.801594731003E-07 -6.799576262073E-07      13  13  10    24
  1.608598265497E-06 -1.608499303228E-06      18  10   4    24
  1.047449497308E-06 -1.047327224630E-06      14  12  10    48
  9.059073911681E-07 -9.057703674172E-07      17  12   3    48
  1.655769672716E-06 -1.655870594914E-06      18  11   1    24
  8.890723606120E-07 -8.889895291635E-07      17  11   6    48
  1.274253303878E-06 -1.274157920428E-06      15  14   5    48
  1.365369033448E-06 -1.365300597305E-06      15  11  10    48
  1.181197945970E-06 -1.181256709951E-06      14  13   9    48
  1.205444939155E-06 -1.205233921538E-06      16  13   5    48
  7.179719371984E-07 -7.181134294064E-07      15  15   0    12
  1.439021776772E-06 -1.439257105755E-06      15  12   9    48
  1.203704535811E-06 -1.203418395797E-06      18   8   8    12
  8.188781939296E-07 -8.189857660139E-07      16  14   0    24
  1.615905857119E-06 -1.615757566008E-06      18  11   3    24
  1.678092298500E-06 -1.677709032066E-06      18   9   7    24
  9.945139930598E-07 -9.944959757313E-07      15  15   2    24
  1.165520151045E-06 -1.165491727039E-06      16  14   2    48
  9.131073847608E-07 -9.129981667255E-07      16  10  10    24
  8.285891096009E-07 -8.287201975609E-07      14  14   8    24
  5.153498499993E-07 -5.154351988400E-07      17  13   0    24
  7.599348698004E-07 -7.599213421716E-07      17  12   5    48
  1.295836945684E-06 -1.295758828313E-06      16  11   9    48
  1.376628392505E-06 -1.376913057146E-06      15  13   8    48
  1.554206989321E-06 -1.553886184457E-06      18  10   6    24
  6.620035809629E-07 -6.619820914261E-07      17  13   2    48
  1.265282448894E-06 -1.265360955966E-06      16  12   8    48
  8.417142105237E-07 -8.416858526203E-07      15  15   4    24
  8.985034113232E-07 -8.986582297757E-07      18  12   0    12
  1.064188614948E-06 -1.064082023763E-06      16  14   4    48
  1.236789404357E-06 -1.236546691096E-06      18  11   5    24
  5.645115517557E-07 -5.647484480019E-07      17  10   9    48
  1.041623355044E-06 -1.042006186466E-06      15  14   7    48
  1.138733767900E-06 -1.138691788047E-06      18  12   2    24
  4.222712913745E-07 -4.222861821296E-07      17  13   4    48
  4.464025703956E-07 -4.465727386503E-07      17  11   8    48
  1.067821005026E-06 -1.067972660696E-06      16  13   7    48
  2.509540661058E-07 -2.512216173462E-07      17  12   7    48
  7.597817866838E-07 -7.598718416573E-07      16  15   1    48
  6.511027129711E-07 -6.513256526758E-07      13  13  12    24
  6.943937945579E-07 -6.942348180609E-07      18  12   4    24
  5.417469196927E-07 -5.418861084058E-07      14  12  12    24
  4.914444608547E-07 -4.915662702218E-07      18   9   9    12
  7.398217623017E-08 -7.393917682787E-08      17  14   1    48
  4.040058601180E-07 -4.043590770371E-07      15  15   6    24
  6.933864127124E-07 -6.936038704730E-07      14  13  11    48
  5.984063912294E-07 -5.985382280291E-07      18  10   8    24
  6.214402105615E-07 -6.216319220362E-07      16  14   6    48
  5.384765365356E-07 -5.384870032790E-07      16  15   3    48
  5.684395626729E-07 -5.688128108796E-07      15  12  11    48
  3.015547852386E-07 -3.016296650408E-07      14  14  10    24
  2.885936730848E-07 -2.886344765193E-07      18  13   1    24
  3.309755065021E-07 -3.311322389910E-07      18  11   7    24
 -6.595593898750E-08  6.588835597707E-08      17  14   3    48
  2.085289368788E-09 -2.340376857798E-09      17  13   6    48
  4.396160504293E-07 -4.400226645911E-07      15  13  10    48
  3.127643112877E-07 -3.129811271669E-07      16  11  11    24
  3.913786573868E-07 -3.917059065339E-07      16  12  10    48
  2.479282595842E-08 -2.476597015195E-08      18  13   3    24
  9.646113925363E-08 -9.656862851717E-08      15  14   9    48
 -3.341086074483E-08  3.315577191504E-08      18  12   6    24
  1.025182968951E-07 -1.027478470923E-07      16  15   5    48
  2.191499147645E-07 -2.194145361752E-07      16  13   9    48
 -2.728535664682E-07  2.727406108197E-07      17  14   5    48
 -2.596247500084E-07  2.595383026311E-07      17  11  10    48
  3.401301239140E-08 -3.402711042570E-08      16  16   0    12
 -2.753322279219E-07  2.754353732882E-07      17  15   0    24
 -3.164290417494E-07  3.165140500419E-07      17  12   9    48
 -1.921102864440E-07  1.920412389736E-07      15  15   8    24
 -7.038328233225E-09  7.014897241000E-09      16  16   2    24
 -8.013666003645E-08  8.002605198344E-08      16  14   8    48
 -3.847036775387E-07  3.844764407132E-07      18  13   5    24
 -4.121995339192E-07  4.121924552609E-07      17  15   2    48
 -3.324265037072E-07  3.325108899854E-07      18  14   0    12
 -3.562805151958E-07  3.563348271481E-07      17  13   8    48
 -5.222787643979E-07  5.222834995474E-07      18  14   2    24
 -3.508337996829E-07  3.505808726184E-07      18  10  10    12
 -5.418547016191E-07  5.416490199086E-07      18  11   9    24
 -1.439676419736E-07  1.438730934212E-07      16  16   4    24
 -4.332878432793E-07  4.331911844933E-07      17  15   4    48
 -3.573501544760E-07  3.572586110098E-07      16  15   7    48
 -6.196775769044E-07  6.195690556687E-07      18  12   8    24
 -3.621428012608E-07  3.622908945549E-07      17  14   7    48
 -2.794884816354E-07  2.792928266397E-07      14  13  13    24
 -6.065945753492E-07  6.064394216481E-07      18  14   4    24
 -3.160254644958E-07  3.160273622131E-07      14  14  12    24
 -5.191278881650E-07  5.191688801334E-07      15  13  12    48
 -6.272350660660E-07  6.271090448360E-07      18  13   7    24
 -5.401003167513E-07  5.403932659413E-07      15  14  11    48
 -3.101939694932E-07  3.101830993615E-07      16  12  12    24
 -3.258275114631E-07  3.258745483705E-07      17  16   1    48
 -4.269344791352E-07  4.269016150926E-07      16  13  11    48
 -2.613967761151E-07  2.613675811252E-07      16  16   6    24
 -6.487710010778E-07  6.489038055214E-07      18  15   1    24
 -3.360361996893E-07  3.362914550875E-07      17  15   6    48
 -4.227536553537E-07  4.231562228627E-07      15  15  10    24
 -4.310029078588E-07  4.311474679825E-07      16  14  10    48
 -2.884691048918E-07  2.884323676529E-07      17  16   3    48
 -3.166289942845E-07  3.168884779075E-07      17  12  11    48
 -5.367490369898E-07  5.368087632241E-07      18  14   6    24
 -5.784181164825E-07  5.783319245636E-07      18  15   3    24
 -2.716757012099E-07  2.719240892081E-07      17  13  10    48
 -4.483378946573E-07  4.486729627250E-07      16  15   9    48
 -3.540594712490E-07  3.542388824676E-07      18  11  11    12
 -1.682141678774E-07  1.684254980402E-07      17  14   9    48
 -4.830147560535E-07  4.833757925625E-07      18  12  10    24
 -1.806594648915E-07  1.807694946807E-07      17  16   5    48
 -3.726225142647E-07  3.727564122739E-07      18  15   5    24
 -3.868404398920E-07  3.871997635665E-07      18  13   9    24
 -2.232745683020E-07  2.234061994816E-07      16  16   8    24
  3.679186201928E-08 -3.682480384565E-08      17  17   0    12
 -7.276000644330E-08  7.305079753588E-08      17  15   8    48
 -2.058126071372E-07  2.058664035677E-07      18  16   0    12
  6.454545507659E-08 -6.453832707372E-08      17  17   2    24
 -2.465509529636E-07  2.465633180046E-07      18  16   2    24
 -1.990627972766E-07  1.993601477618E-07      18  14   8    24
 -4.363790966816E-08  4.358604382143E-08      14  14  14     8
 -1.495586683301E-07  1.497515577303E-07      15  14  13    48
  9.135056379334E-08 -9.129474729685E-08      17  17   4    24
 -2.475436163949E-09  2.636830686472E-09      17  16   7    48
 -1.240592577583E-07  1.242544283678E-07      16  13  13    24
 -1.000022210808E-07  1.003042056248E-07      15  15  12    24
 -1.135854314397E-07  1.136367794553E-07      18  16   4    24
 -1.376166565871E-07  1.378147160124E-07      16  14  12    48
 -2.756994574588E-08  2.794146324424E-08      18  15   7    24
  8.078969368411E-08 -8.075837862012E-08      17  13  12    48
 -9.126219001228E-08  9.146535066980E-08      16  15  11    48
  1.307018524319E-07 -1.309880870539E-07      17  14  11    48
  6.520120868926E-08 -6.504817050429E-08      18  12  12    12
 -3.192584177853E-08  3.202575817334E-08      16  16  10    24
  2.132262237441E-07 -2.132808538467E-07      18  17   1    24
  1.130449329307E-07 -1.129458382649E-07      18  13  11    24
  1.017482330919E-07 -1.017938319612E-07      17  17   6    24
  1.738331831345E-07 -1.741031110224E-07      17  15  10    48
  7.397616622222E-08 -7.378367080032E-08      18  16   6    24
  1.866378233002E-07 -1.867417963120E-07      18  14  10    24
  2.229084699227E-07 -2.228426274828E-07      18  17   3    24
  1.319608227630E-07 -1.320775920449E-07      17  16   9    48
  2.516082148076E-07 -2.516771431974E-07      18  15   9    24
  2.032322624049E-07 -2.032282337355E-07      18  17   5    24
  6.138317917051E-08 -6.161331316413E-08      17  17   8    24
  1.977721055212E-07 -1.978147051506E-07      18  16   8    24
  1.707798347641E-07 -1.709575176505E-07      15  15  14    24
  1.532078859210E-07 -1.532591583749E-07      18  18   0     3
  1.089580156134E-07 -1.089652895741E-07      16  14  14    24
  1.614508003909E-07 -1.614631103156E-07      16  15  13    48
  2.084165299526E-07 -2.084148045704E-07      18  18   2     6
  1.144352811192E-07 -1.145201086550E-07      17  14  13    48
  8.962320894581E-08 -8.964916051378E-08      16  16  12    24
  1.399032063352E-07 -1.402921715109E-07      17  15  12    48
  1.121577755927E-07 -1.124276652960E-07      18  17   7    24
  1.422922326414E-07 -1.423539569273E-07      18  13  13    12
  1.708303972696E-07 -1.708000312378E-07      18  18   4     6
  2.086530516061E-07 -2.089888138043E-07      18  14  12    24
  9.657893260402E-08 -9.677558079856E-08      17  16  11    48
  2.140157547886E-07 -2.145201668038E-07      18  15  11    24
 -1.926936287536E-08  1.926049994518E-08      17  17  10    24
  1.368931698006E-07 -1.371210241584E-07      18  16  10    24
  8.444931699725E-08 -8.457617495549E-08      18  18   6     6
 -2.832838812535E-08  2.813343034852E-08      18  17   9    24
  3.485123102868E-08 -3.500302195971E-08      16  15  15    24
  2.568608314461E-08 -2.575762256826E-08      16  16  14    24
 -6.370259993547E-08  6.371043554333E-08      17  15  14    48
 -2.911939046421E-08  2.891853245085E-08      18  18   8     6
 -2.686604097240E-08  2.681906270682E-08      17  16  13    48
 -4.025057987191E-08  4.025565574236E-08      18  14  14    12
 -3.559045663886E-08  3.543068866285E-08      18  15  13    24
 -5.042930078596E-08  5.057691184388E-08      17  17  12    24
 -2.084596533376E-08  2.072249121450E-08      18  16  12    24
 -1.016396310123E-07  1.018511068703E-07      18  17  11    24
 -9.232663427127E-08  9.239562738261E-08      18  18  10     6
 -1.281531928909E-08  1.279777651086E-08      16  16  16     8
 -4.808274758271E-08  4.814751114377E-08      17  16  15    48
 -7.526088995488E-08  7.533192403245E-08      18  15  15    12
 -5.996295987915E-10  7.031369584763E-10      17  17  14    24
 -6.601881947809E-08  6.608752999479E-08      18  16  14    24
 -2.879579033809E-08  2.897386457588E-08      18  17  13    24
 -4.710191499152E-08  4.727673111482E-08      18  18  12     6
  1.590670937532E-08 -1.589346509325E-08      17  17  16    24
 -7.528032001514E-10  7.872324354669E-10      18  16  16    12
  4.226247929014E-08 -4.217575622517E-08      18  17  15    24
  3.216101363466E-08 -3.208179530824E-08      18  18  14     6
 -3.367044545904E-09  3.327538691780E-09      18  17  17    12
  1.828797883772E-08 -1.828963708269E-08      18  18  16     6
 -9.463776860528E-09  9.446253280902E-09      18  18  18     1
